% WHOTS-XXI sys2 SN42 RAW full 15-Oct-2025.
% Winds to East and North, rotated 0.0000 degrees.
% Time word is the time at the start of the averaging period.
% year mo day  hr    yday     BPR   ATMP   STMP   WNDE   WNDN  WSPD  WDIR     RH   SRAD  LRAD   PRC  PRATE   SAL  COND  COMP
%             UTC            mbar   degC   degC    m/s    m/s   m/s   deg      %   W/m2  W/m2    mm  mm/hr   (1)   S/m   deg
  2025  8  21  14 233.604 1015.07 18.846 18.900  -1.97   0.28   2.0 278.1  79.06  258.8 396.9 39.26   0.00 43.81 5.712 143.9
  2025  8  21  16 233.688 1014.17 18.792 20.465  -1.80   0.06   1.8 271.9  81.77  243.9 399.5 39.15   0.00 43.82 5.904 143.6
  2025  8  21  17 233.729 1013.54 18.440 20.698  -1.75   0.25   1.8 278.1  84.34  271.0 398.8 39.14   0.00 43.78 5.928 144.0
  2025  8  21  18 233.771 1012.86 19.028 20.998  -1.92   0.31   1.9 279.2  77.02  245.1 398.7 39.13   0.00 43.76 5.963 143.8
  2025  8  21  19 233.812 1012.24 19.398 21.385  -1.96   0.00   2.0 270.0  70.24  311.2 397.1 39.10   0.00 43.77 6.012 144.0
  2025  8  21  20 233.854 1011.85 19.069 21.608  -1.67  -0.25   1.7 261.5  67.62  242.8 391.8 39.07   0.00 43.78 6.041 144.0
  2025  8  21  21 233.896 1011.12 18.547 21.538  -1.26  -0.56   1.4 246.0  71.83  137.7 394.4 39.07   0.00 43.80 6.036 143.6
  2025  8  21  22 233.938 1010.54 18.283 21.303  -1.10  -0.57   1.2 242.6  76.06   70.0 395.0 39.08   0.00 43.80 6.007 143.3
  2025  8  21  23 233.979 1010.49 17.917 20.868  -0.88  -0.73   1.1 230.3  81.88   15.3 388.0 39.10   0.02 43.82 5.954 143.8
  2025  8  22   0 234.021 1010.20 17.760 20.387  -0.94  -0.69   1.2 233.7  85.57    5.0 373.4 39.12   0.00 43.81 5.894 143.5
  2025  8  22   1 234.062 1009.61 17.411 19.829  -0.84  -0.81   1.2 226.0  85.81    4.7 342.4 39.13   0.00 43.83 5.828 144.0
  2025  8  22   2 234.104 1009.18 17.118 19.262  -0.81  -0.81   1.1 225.0  83.76    4.8 331.8 39.15   0.00 43.82 5.757 144.1
  2025  8  22   3 234.146 1008.54 17.012 18.767  -0.76  -0.80   1.1 223.5  86.03    5.0 333.0 39.17   0.02 43.80 5.694 144.1
  2025  8  22   4 234.188 1007.82 16.965 18.357  -0.47  -1.15   1.2 202.2  86.81    5.1 336.4 39.18   0.00 43.78 5.641 143.9
  2025  8  22   5 234.229 1007.89 16.924 18.029  -0.51  -1.17   1.3 203.6  86.83    5.1 338.9 39.19   0.00 43.76 5.599 144.1
  2025  8  22   6 234.271 1007.40 16.750 17.729  -0.28  -1.00   1.0 195.6  84.50    4.9 327.5 39.20   0.00 43.76 5.563 143.5
  2025  8  22   7 234.312 1007.38 16.951 17.472  -0.12  -1.34   1.3 185.1  79.59    5.2 327.0 39.21   0.00 43.75 5.530 143.9
  2025  8  22   8 234.354 1007.92 17.060 17.280  -0.10  -1.36   1.4 184.2  75.90    5.2 330.0 39.21   0.00 43.73 5.505 143.8
  2025  8  22   9 234.396 1008.63 17.121 17.145   0.12  -1.30   1.3 174.7  74.08    5.4 330.5 39.21   0.00 43.72 5.487 143.9
  2025  8  22  10 234.438 1009.67 16.940 17.048   0.16  -1.24   1.3 172.6  83.39   35.1 325.4 39.22   0.00 43.71 5.475 143.7
  2025  8  22  11 234.479 1010.34 16.997 17.068   0.21  -1.41   1.4 171.5  73.76  118.2 318.4 39.22   0.00 43.72 5.478 143.8
  2025  8  22  13 234.562 1011.47 20.854 19.538  -0.01  -1.14   1.1 180.5  51.17  582.7 329.6 39.16   0.00 43.92 5.802 143.4
  2025  8  22  14 234.604 1011.93 22.975 21.578  -0.27  -0.98   1.0 195.4  43.40  738.4 336.8 39.14   0.00 43.90 6.053 143.3
  2025  8  22  15 234.646 1012.32 23.908 23.616   0.00  -1.33   1.3 180.0  40.39  851.2 340.0 39.02   0.00 43.89 6.307 143.2
  2025  8  22  16 234.688 1012.60 24.638 25.588  -0.13  -1.23   1.2 186.0  38.21  906.5 341.8 38.93   0.00 43.86 6.552 143.4
  2025  8  22  17 234.729 1012.69 24.927 27.397  -0.44  -1.19   1.3 200.3  34.50  903.6 341.5 38.83   0.00  1.10 0.227 143.5
  2025  8  22  18 234.771 1012.99 25.543 28.742  -0.21  -0.87   0.9 193.6  33.89  831.9 343.1 38.74   0.00  1.94 0.396 143.3
  2025  8  22  19 234.812 1013.22 25.267 29.883  -0.75  -0.42   0.9 240.8  35.49  701.8 343.0 38.62   0.00  2.62 0.538 143.4
  2025  8  22  20 234.854 1013.64 24.197 30.659  -0.88  -0.25   0.9 254.1  43.02  529.8 342.9 38.57   0.00  3.08 0.636 143.2
  2025  8  22  21 234.896 1013.81 23.092 30.472  -1.04   0.13   1.0 277.1  47.41  132.0 339.3 38.56   0.00  2.98 0.615 143.1
  2025  8  22  23 234.979 1014.23 20.646 27.870  -0.37   0.00   0.4 270.0  59.71    9.5 335.7 38.69   0.13  1.37 0.281 143.8
  2025  8  23   0 235.021 1015.17 20.010 26.668   0.00  -0.04   0.0 180.0  60.46    3.3 335.2 38.78   0.09  0.60 0.124 143.6
  2025  8  23   1 235.062 1015.94 19.015 25.526   0.03  -0.06   0.1 153.4  65.84    3.4 331.5 38.85   0.07 43.75 6.530 143.8
  2025  8  23   2 235.104 1016.17 18.218 24.443   0.02  -0.09   0.1 167.5  77.89    3.8 330.0 38.89   0.04 43.72 6.390 144.1
  2025  8  23   3 235.146 1016.35 18.106 23.487   0.00  -0.03   0.0 180.0  78.84    4.5 328.9 38.96   0.07 43.69 6.265 144.0
  2025  8  23   4 235.188 1016.49 17.976 22.650   0.00  -0.06   0.1 180.0  77.71    4.6 329.9 39.00   0.04 43.65 6.156 143.9
  2025  8  23   5 235.229 1016.33 18.221 21.926   0.02  -0.14   0.1 171.9  70.17    4.9 331.1 39.04   0.04 43.62 6.062 144.0
  2025  8  23   7 235.312 1016.24 18.724 20.782  -0.05  -0.05   0.1 225.0  80.72    5.0 335.7 39.13   0.09 43.56 5.913 143.6
  2025  8  23   8 235.354 1016.33 19.209 20.393  -0.13  -0.04   0.1 252.9  80.18    5.0 336.9 39.15   0.00 43.55 5.864 143.7
  2025  8  23   9 235.396 1016.71 19.687 20.103  -0.17  -0.08   0.2 244.8  75.93    5.4 338.5 39.15   0.00 43.53 5.827 143.7
  2025  8  23  10 235.438 1017.26 20.306 19.972  -0.06   0.00   0.1 270.0  72.66   41.7 343.8 39.16   0.00 43.52 5.809 143.5
  2025  8  23  11 235.479 1017.53 22.090 20.443  -0.18  -0.07   0.2 248.7  67.45  187.5 349.3 39.14   0.00 43.55 5.870 143.2
  2025  8  23  12 235.521 1017.53 23.213 21.439  -0.17  -0.06   0.2 250.6  64.49  374.5 352.8 39.08   0.00 43.66 6.006 143.2
  2025  8  23  13 235.562 1017.65 23.797 23.165  -0.18   0.00   0.2 270.0  64.75  552.0 354.9 39.00   0.00 43.69 6.225 143.3
  2025  8  23  14 235.604 1017.80 24.566 24.994  -0.20   0.08   0.2 291.8  64.63  705.8 358.3 38.93   0.00 43.67 6.452 143.0
  2025  8  23  15 235.646 1017.69 24.515 26.765  -0.13  -0.01   0.1 265.6  64.51  817.4 357.8 38.85   0.00  0.59 0.124 143.4
  2025  8  23  16 235.688 1017.41 24.837 28.438  -0.12   0.08   0.1 303.7  60.74  874.2 358.1 38.76   0.00  1.63 0.335 143.4
  2025  8  23  18 235.771 1017.19 24.831 31.069  -0.21   0.05   0.2 283.4  58.77  797.6 356.2 38.70   0.00  3.20 0.665 143.8
  2025  8  23  19 235.812 1017.02 24.413 31.786  -0.12   0.19   0.2 327.7  56.70  672.6 352.4 38.69   0.00  3.61 0.753 143.2
  2025  8  23  20 235.854 1016.88 23.868 32.090  -0.29   0.14   0.3 295.8  52.06  433.4 349.2 38.67   0.00  3.78 0.792 143.3
  2025  8  23  21 235.896 1016.89 22.765 31.309  -0.27   0.15   0.3 299.1  60.79  138.8 348.3 38.65   0.00  3.34 0.694 143.4
  2025  8  23  22 235.938 1016.83 21.705 29.902  -0.26   0.07   0.3 285.1  72.22   34.7 343.5 38.67   0.02  2.50 0.516 143.4
  2025  8  23  23 235.979 1016.90 20.773 28.414  -0.32   0.06   0.3 280.6  80.19    9.2 341.3 38.73   0.06  1.56 0.322 143.6
  2025  8  24   0 236.021 1017.18 20.010 27.074  -0.21   0.00   0.2 270.0  83.04    3.6 339.0 38.75   0.02  0.69 0.145 143.7
  2025  8  24   1 236.062 1017.24 19.678 25.918  -0.19  -0.01   0.2 267.0  85.79    4.0 338.3 38.83   0.08 43.49 6.546 143.7
  2025  8  24   2 236.104 1017.11 19.468 24.891  -0.32   0.09   0.3 285.7  87.80    4.3 337.0 38.94   0.11 43.46 6.412 143.9
  2025  8  24   3 236.146 1016.82 19.084 24.016  -0.23   0.02   0.2 275.0  90.71    4.2 338.4 38.96   0.02 43.42 6.298 143.9
  2025  8  24   4 236.188 1016.60 18.770 23.266  -0.12   0.06   0.1 296.6  92.52    4.4 361.3 39.02   0.06 43.39 6.200 143.6
  2025  8  24   5 236.229 1016.32 18.718 22.598  -0.16   0.08   0.2 296.6  91.59    4.5 372.9 39.08   0.06 43.37 6.115 143.8
  2025  8  24   6 236.271 1015.99 18.835 22.047  -0.17  -0.01   0.2 266.6  88.72    4.3 377.1 39.12   0.04 43.34 6.043 143.7
  2025  8  24   7 236.312 1015.78 18.820 21.613  -0.07  -0.01   0.1 261.9  89.43    4.4 376.2 39.16   0.04 43.32 5.987 143.9
  2025  8  24   8 236.354 1015.67 19.031 21.292  -0.07   0.01   0.1 278.1  90.42    4.6 384.3 39.19   0.03 43.29 5.944 144.1
  2025  8  24   9 236.396 1015.50 19.169 21.045  -0.10   0.05   0.1 296.6  91.68    4.6 363.6 39.21   0.02 43.29 5.913 143.8
  2025  8  24  10 236.438 1015.80 19.302 20.838  -0.18   0.07   0.2 291.3  92.39   42.8 374.4 39.23   0.00 43.27 5.886 143.3
  2025  8  24  11 236.479 1015.89 20.621 21.030  -0.31   0.04   0.3 277.4  89.00  120.3 367.0 39.21   0.00 43.25 5.906 143.7
  2025  8  24  12 236.521 1015.87 21.526 21.338  -0.45   0.08   0.5 280.1  87.79  213.1 360.4 39.17   0.00 43.25 5.944 143.6
  2025  8  24  13 236.562 1015.75 23.812 22.452  -0.62   0.28   0.7 294.3  77.30  523.9 368.8 39.07   0.00 43.37 6.096 142.9
  2025  8  24  14 236.604 1015.72 24.776 24.388  -0.61   0.46   0.8 307.0  70.62  654.7 382.2 38.98   0.00 43.43 6.345 143.1
  2025  8  24  15 236.646 1015.66 24.044 25.783  -0.46   0.30   0.5 303.1  70.85  422.7 401.9 38.85   0.00 43.37 6.513 143.3
  2025  8  24  16 236.688 1015.37 24.329 26.809  -0.54   0.31   0.6 299.9  73.18  505.2 403.0 38.77   0.00  0.38 0.081 143.6
  2025  8  24  17 236.729 1015.00 25.001 28.041  -0.66   0.37   0.8 299.3  71.76  727.9 388.1 38.70   0.00  1.16 0.241 143.6
  2025  8  24  18 236.771 1014.35 25.295 29.216  -0.61   0.34   0.7 299.1  70.04  758.4 381.6 38.64   0.00  1.90 0.393 143.3
  2025  8  24  20 236.854 1013.53 23.684 30.195  -0.56   0.29   0.6 297.4  80.16  289.5 384.2 38.54   0.00  2.46 0.511 143.4
  2025  8  24  21 236.896 1013.02 22.977 29.776  -0.52   0.25   0.6 295.7  81.26  164.4 377.3 38.58   0.04  2.21 0.459 143.7
  2025  8  24  22 236.938 1012.61 22.210 28.989  -0.60   0.16   0.6 284.9  86.95   64.0 386.8 38.64   0.06  1.73 0.359 143.5
  2025  8  24  23 236.979 1012.58 21.524 28.037  -0.44   0.15   0.5 288.8  91.82    9.1 383.4 38.75   0.11  1.13 0.235 143.8
  2025  8  25   0 237.021 1012.56 21.092 27.146  -0.18   0.05   0.2 285.5  94.24    4.0 389.9 38.83   0.08  0.56 0.118 143.6
  2025  8  25   1 237.062 1012.35 20.832 26.432  -0.40   0.16   0.4 291.8  95.58    4.7 408.7 38.85   0.02  0.10 0.021 143.5
  2025  8  25   2 237.104 1011.66 20.458 25.711  -0.56   0.20   0.6 289.7  96.71    4.3 372.3 38.81   0.00 43.23 6.485 143.7
  2025  8  25   3 237.146 1011.03 20.379 24.997  -0.23   0.15   0.3 303.1  96.63    4.7 391.9 38.88   0.07 43.20 6.392 143.6
  2025  8  25   4 237.188 1010.46 20.486 24.545  -0.17   0.04   0.2 283.2  97.18    5.0 416.5 38.97   0.09 43.14 6.328 143.8
  2025  8  25   5 237.229 1009.91 20.650 24.230  -0.16   0.15   0.2 313.2  97.35    4.7 417.7 39.01   0.04 43.13 6.287 143.9
  2025  8  25   7 237.312 1008.89 20.577 23.703  -0.19   0.10   0.2 297.8  98.10    4.7 416.8 39.00   0.00 43.11 6.219 143.6
  2025  8  25   9 237.396 1007.63 20.519 23.259  -0.24   0.18   0.3 306.9  97.78    4.7 417.8 38.97   0.00 43.10 6.162 143.6
  2025  8  25  10 237.438 1007.28 20.432 23.082  -0.38   0.14   0.4 290.2  98.68   11.4 417.8 38.99   0.02 43.08 6.139 143.8
  2025  8  25  11 237.479 1007.10 20.739 22.982  -0.28   0.17   0.3 301.3  95.94   79.9 417.5 38.98   0.00 43.07 6.125 143.5
  2025  8  25  12 237.521 1007.10 21.246 23.079  -0.72   0.15   0.7 281.8  92.71  100.3 417.7 38.95   0.00 43.06 6.135 143.6
  2025  8  25  13 237.562 1007.28 21.042 23.173  -0.50   0.16   0.5 287.7  93.97   62.6 418.6 38.94   0.00 42.83 6.118  94.8
  2025  8  25  14 237.604 1007.22 20.508 22.953  -0.23   0.24   0.3 316.2  96.81  266.3 420.5 38.99   0.05 42.53 6.053  95.3
  2025  8  25  16 237.688 1006.60 23.303 23.022   0.30  -0.03   0.3  95.7  85.40  615.4 383.8 39.09   0.10 42.51 6.059 136.4
  2025  8  25  17 237.729 1006.72 24.799 23.022   0.26  -0.02   0.3  94.4  78.53  845.7 374.3 39.02   0.00 42.51 6.059 180.4
  2025  8  25  18 237.771 1006.63 24.740 23.022   0.21  -0.17   0.3 129.0  76.36  759.9 373.6 38.83   0.00 42.51 6.059 267.9
  2025  8  25  19 237.812 1006.39 24.703 23.022  -0.02  -0.33   0.3 183.5  76.77  614.8 372.0 38.73   0.00 42.51 6.059 267.8
  2025  8  25  20 237.854 1006.41 24.599 23.022   0.00  -0.40   0.4 180.0  71.92  219.8 370.4 38.68   0.00 42.51 6.059 222.2
  2025  8  25  21 237.896 1006.72 22.944 23.022   0.18  -0.02   0.2  96.3  83.20   62.3 365.5 38.75   0.07 42.51 6.059 357.4
  2025  8  25  22 237.938 1006.90 22.054 23.022   0.18  -0.01   0.2  93.2  88.14   34.4 363.5 38.85   0.10 42.51 6.059  90.7
  2025  8  25  23 237.979 1007.62 21.045 21.907  -0.03  -0.06   0.1 206.6  94.77    8.7 364.6 38.93   0.08 34.01 4.861 151.2
  2025  8  26   1 238.062 1008.71 20.915 21.299  -0.07   0.00   0.1 270.0  97.02    4.7 396.5 39.02   0.09 29.54 4.231 151.2
  2025  8  26   3 238.146 1009.03 20.496 21.102  -0.04   0.02   0.0 296.6  98.49    4.7 396.0 39.14   0.12 29.56 4.216 151.5
  2025  8  26   4 238.188 1009.07 20.272 20.941  -0.04   0.02   0.0 296.6  98.84    4.6 393.3 39.18   0.04 29.56 4.203 150.8
  2025  8  26   5 238.229 1009.06 20.056 20.728  -0.01  -0.01   0.0 225.0  98.79    4.8 393.2 39.22   0.04 29.57 4.184 151.2
  2025  8  26   6 238.271 1009.12 19.631 20.478   0.00   0.00   0.0   0.0  98.58    4.3 387.2 39.28   0.06 29.58 4.164 151.2
  2025  8  26   7 238.312 1009.36 19.139 20.126   0.04  -0.07   0.1 150.3  93.28    4.6 382.0 39.24   0.00 29.58 4.134 150.8
  2025  8  26   8 238.354 1009.90 18.878 19.694   0.04  -0.03   0.1 126.9  85.47    4.2 375.9 39.25   0.00 29.59 4.097 151.5
  2025  8  26   9 238.396 1010.51 18.380 19.204   0.01  -0.05   0.1 168.7  79.82    3.7 366.1 39.29   0.04 29.60 4.055 151.2
  2025  8  26  10 238.438 1011.26 18.730 18.791   0.00  -0.10   0.1 180.0  73.37   49.4 356.7 39.35   0.06 29.59 4.018 151.1
  2025  8  26  11 238.479 1011.94 20.661 18.938   0.00  -0.23   0.2 180.0  64.60  197.9 336.1 39.39   0.04 29.56 4.027 150.7
  2025  9  16  22 259.938 1015.08 27.074 28.522  -3.56  -3.13   4.7 228.7  63.23  522.4   0.0  0.37   0.00 31.63 5.189  34.0
  2025  9  16  23 259.979 1014.61 27.465 28.080  -3.57  -4.11   5.4 221.0  61.99  636.8 424.3  0.35   0.00 34.81 5.604  42.4
  2025  9  17   0 260.021 1013.90 27.971 27.511  -3.80  -3.21   5.0 229.8  60.50  654.2 415.3  0.34   0.00 35.00 5.572  42.6
  2025  9  17   1 260.062 1013.68 28.005 27.540  -3.93  -4.10   5.7 223.8  58.73  632.2 400.2  0.32   0.00 35.14 5.594  42.5
  2025  9  17   3 260.146 1014.21 26.571 26.563  -3.36  -3.11   4.6 227.2  69.16  119.3 415.6  0.33   0.00 35.42 5.529  42.3
  2025  9  17   4 260.188 1014.71 26.274 25.484  -2.91  -2.76   4.0 226.5  69.02   15.7 403.0  0.39   0.06 35.46 5.420  42.3
  2025  9  17   5 260.229 1015.31 26.203 24.868  -2.68  -2.47   3.6 227.3  71.01    3.5 404.1  0.43   0.04 35.50 5.361  42.3
  2025  9  17   7 260.312 1016.37 26.511 24.449  -2.94  -2.73   4.0 227.1  66.34    3.4 389.4  0.44   0.00 35.60 5.329  42.2
  2025  9  17   8 260.354 1016.42 26.444 24.369  -2.80  -2.35   3.7 230.0  66.75    3.3 389.8  0.44   0.00 35.65 5.328  42.5
  2025  9  17   9 260.396 1016.10 26.340 24.315  -2.60  -2.16   3.4 230.3  68.73    3.3 388.3  0.45   0.00 35.71 5.330  42.3
  2025  9  17  11 260.479 1015.24 26.181 24.207  -1.77  -1.15   2.1 237.0  69.08    3.1 384.6  0.45   0.00 35.80 5.331  42.2
  2025  9  17  12 260.521 1014.91 26.127 24.167  -2.07  -1.81   2.7 228.8  71.09    3.4 389.0  0.45   0.00 35.84 5.331  42.3
  2025  9  17  13 260.562 1014.69 26.152 24.207  -2.22  -1.72   2.8 232.2  71.67    3.5 404.1  0.45   0.00 35.87 5.340  42.3
  2025  9  17  15 260.646 1015.06 26.151 24.205  -2.05  -1.64   2.6 231.3  70.48    3.3 389.8  0.46   0.00 35.96 5.351  42.3
  2025  9  17  17 260.729 1016.18 26.661 24.431  -2.11  -1.63   2.7 232.3  66.67  170.1 403.3  0.47   0.00 36.03 5.385  42.3
  2025  9  17  18 260.771 1016.81 27.297 25.114  -2.94  -2.44   3.8 230.3  64.34  397.5 412.0  0.44   0.00 36.07 5.463  42.5
  2025  9  17  19 260.812 1017.13 27.817 26.347  -3.23  -2.79   4.3 229.2  62.29  542.1 409.1  0.40   0.00 33.59 5.253  42.4
  2025  9  17  20 260.854 1017.22 28.338 27.864  -3.97  -2.68   4.8 236.0  57.92  831.1 405.4  0.37   0.00 34.59 5.551  42.5
  2025  9  17  21 260.896 1016.98 28.571 28.857  -3.59  -3.42   5.0 226.4  55.44  906.5 403.1  0.34   0.00 34.65 5.663  42.4
  2025  9  17  22 260.938 1016.35 28.437 29.846  -3.77  -4.16   5.6 222.2  55.12  959.2 394.9  0.32   0.00 34.71 5.777  42.8
  2025  9  17  23 260.979 1015.58 28.422 30.594  -4.43  -4.38   6.2 225.3  55.46  773.9 400.5  0.31   0.00 34.81 5.871  42.5
  2025  9  18   1 261.062 1014.77 28.276 31.230  -4.35  -4.19   6.0 226.1  58.68  681.8 399.5  0.29   0.00 34.98 5.965  42.6
  2025  9  18   2 261.104 1014.90 27.980 31.281  -4.49  -3.67   5.8 230.7  59.79  449.1 394.6  0.29   0.00 35.07 5.984  42.3
  2025  9  18   3 261.146 1015.14 27.487 30.357  -4.05  -3.03   5.1 233.2  63.21  129.0 392.6  0.30   0.00 35.16 5.898  42.3
  2025  9  18   4 261.188 1015.50 26.940 28.924  -3.18  -2.81   4.2 228.5  67.29   16.5 389.3  0.34   0.04 35.21 5.752  42.5
  2025  9  18   5 261.229 1016.19 26.671 27.823  -3.15  -2.71   4.2 229.3  68.30    3.3 392.4  0.37   0.03 35.23 5.636  42.2
  2025  9  18   7 261.312 1017.39 26.586 26.487  -2.42  -2.15   3.2 228.4  69.29    3.3 390.9  0.41   0.04 35.27 5.501  42.4
  2025  9  18   9 261.396 1016.96 26.319 25.742  -1.79  -1.34   2.2 233.2  67.71    3.1 381.2  0.43   0.02 35.31 5.427  42.4
  2025  9  18  10 261.438 1016.50 26.240 25.466  -2.10  -2.58   3.3 219.1  68.92    3.3 380.7  0.43   0.00 35.33 5.400  42.4
  2025  9  18  11 261.479 1016.05 25.966 25.178  -2.09  -1.92   2.8 227.4  67.45    3.1 372.5  0.44   0.00 35.35 5.374  42.3
  2025  9  18  12 261.521 1015.41 25.962 24.884  -2.48  -1.72   3.0 235.3  65.64    3.3 372.7  0.44   0.00 35.37 5.345  42.3
  2025  9  18  13 261.562 1014.99 25.922 24.666  -2.08  -0.87   2.3 247.3  66.79    3.4 383.2  0.44   0.00 35.39 5.324  42.2
  2025  9  18  15 261.646 1015.14 26.033 24.473  -2.71  -1.76   3.2 237.0  66.65    3.4 384.8  0.45   0.00 35.42 5.308  42.3
  2025  9  18  16 261.688 1015.61 25.903 24.367  -2.35  -1.23   2.7 242.4  65.76   17.3 376.8  0.45   0.00 35.44 5.300  42.2
  2025  9  18  17 261.729 1015.98 26.890 24.520  -1.77  -1.18   2.1 236.3  62.15  192.0 378.1  0.44   0.00 35.45 5.317 269.0
  2025  9  18  18 261.771 1016.65 27.921 25.481  -1.38  -0.05   1.4 267.9  58.05  445.4 390.4  0.38   0.00 35.47 5.421 314.0
  2025  9  18  19 261.812 1016.72 28.952 26.853  -1.05   0.03   1.1 271.6  55.68  657.2 394.0  0.32   0.00 35.53 5.576  88.5
  2025  9  18  20 261.854 1016.79 29.588 27.973  -1.89   0.08   1.9 272.4  54.12  705.7 405.4  0.27   0.00 35.64 5.711 224.6
  2025  9  18  21 261.896 1016.54 29.032 28.924  -2.57  -1.40   2.9 241.4  60.21  740.9 426.5  0.24   0.00 35.74 5.828  34.6
  2025  9  18  22 261.938 1016.35 45.535 30.038  -3.37  -2.70   4.3 231.3  -0.01  725.7 421.5  0.25   0.00 35.83 5.962  34.5
  2025  9  18  23 261.979 1015.54 45.535 31.243  -4.16  -3.89   5.7 226.9  -0.01  895.8 418.5  0.24   0.00 35.90 6.105  34.6
  2025  9  19   0 262.021 1014.77 28.136 31.008  -4.21  -3.42   5.4 230.9  60.79  824.0 375.7  0.24   0.00 35.63 6.038  34.5
  2025  9  19   1 262.062 1014.52 28.556 31.866  -4.03  -2.01   4.5 243.5  60.61  482.3 415.1  0.24   0.00 36.15 6.212  34.7
  2025  9  19   2 262.104 1014.60 45.535 31.454  -3.50  -2.29   4.2 236.8  -0.01  368.7 399.6  0.24   0.00 36.23 6.178  34.5
  2025  9  19   3 262.146 1015.02 45.535 30.630  -3.61  -3.08   4.7 229.5  -0.01  139.9 397.3  0.25   0.00 36.34 6.104  34.4
  2025  9  19   5 262.229 1015.88 45.535 28.150  -3.21  -2.74   4.2 229.5  -0.01    3.1 392.1  0.30   0.05 36.44 5.843  34.6
  2025  9  19   6 262.271 1016.47 45.535 27.246  -2.55  -0.50   2.6 258.9  -0.01    3.3 392.3  0.33   0.03 36.48 5.750  34.3
  2025  9  19   7 262.312 1016.92 45.535 26.581  -3.10  -2.08   3.7 236.1  -0.01    3.4 406.0  0.34   0.00 36.51 5.681  34.3
  2025  9  19   9 262.396 1016.58 45.535 25.917  -1.90  -1.44   2.4 232.8  -0.01    3.2 406.6  0.36   0.00 36.55 5.615  34.3
  2025  9  19  10 262.438 1016.23 45.535 25.664  -2.86  -2.58   3.9 227.9  -0.01    3.5 394.0  0.37   0.00 36.57 5.590  34.3
  2025  9  19  11 262.479 1015.64 45.535 25.489  -2.93  -2.23   3.7 232.7  -0.01    3.4 398.9  0.37   0.00 36.59 5.573  34.3
  2025  9  19  12 262.521 1015.31 45.535 25.352  -2.50  -1.55   2.9 238.2  -0.01    3.3 392.6  0.38   0.00 36.61 5.562  34.1
  2025  9  19  13 262.562 1014.97 45.535 25.197  -1.63  -1.78   2.4 222.5  -0.01    3.3 392.5  0.38   0.00 36.63 5.547  34.3
  2025  9  19  14 262.604 1015.04 45.535 25.123  -2.12  -3.21   3.8 213.4  -0.01    3.3 392.7  0.38   0.00 36.65 5.542  34.4
  2025  9  19  15 262.646 1015.32 45.535 25.015  -2.31  -2.10   3.1 227.7  -0.01    3.3 384.7  0.38   0.00 36.67 5.532  34.1
  2025  9  19  17 262.729 1016.15 45.535 25.023  -2.78  -2.37   3.7 229.6  -0.01  144.5 384.1  0.38   0.00 36.71 5.539  37.6
  2025  9  19  19 262.812 1016.70 28.381 27.187  -3.76  -3.05   4.8 231.0  60.11  641.6 396.6  0.31   0.00 36.82 5.791  46.9
  2025  9  19  20 262.854 1016.48 28.772 27.820  -3.45  -2.66   4.4 232.4  61.11  810.6 405.3  0.27   0.00 36.91 5.874  39.3
  2025  9  19  21 262.896 1015.97 28.783 28.187  -2.48  -3.93   4.6 212.3  62.27  948.9 407.0  0.22   0.00 37.00 5.927  39.1
  2025  9  19  22 262.938 1015.33 29.319 29.458  -3.77  -3.47   5.1 227.4  58.14 1018.6 403.5  0.21   0.00 37.09 6.082  39.4
  2025  9  19  23 262.979 1014.58 29.488 30.878  -3.72  -2.91   4.7 232.0  55.58  952.3 406.1  0.19   0.00 37.24 6.264  39.3
  2025  9  20   0 263.021 1014.25 29.203 31.276  -3.38  -2.03   3.9 239.0  59.07  564.3 434.0 40.91  40.72 37.39 6.332  39.3
  2025  9  20   1 263.062 1014.04 28.522 30.756  -2.37  -3.26   4.0 216.0  64.89  434.4 434.0 51.41  10.50 37.52 6.292  39.1
  2025  9  20   2 263.104 1014.16 28.341 30.477  -1.37  -2.82   3.1 205.9  66.17  236.8 442.7 51.46   0.05 37.63 6.276  39.5
  2025  9  20   3 263.146 1014.25 28.070 29.445  -2.88  -1.59   3.3 241.1  66.13   82.3 439.3 51.50   0.04 37.73 6.173  39.2
  2025  9  20   4 263.188 1014.56 27.679 28.335  -2.52  -2.96   3.9 220.4  68.60   20.4 425.4 51.57   0.07 37.80 6.058  39.1
  2025  9  20   5 263.229 1015.06 27.497 27.236  -3.17  -3.42   4.7 222.8  69.77    3.3 422.2 51.61   0.04 37.86 5.942  39.2
  2025  9  20   6 263.271 1015.60 26.137 26.393  -1.22  -4.36   4.5 195.6  81.00    3.3 433.1 38.16   0.00 37.95 5.858  39.1
  2025  9  20   7 263.312 1015.90 25.957 25.463  -1.87  -2.88   3.4 213.0  83.02    4.7 424.8  1.08   0.00 38.02 5.764  39.0
  2025  9  20   8 263.354 1015.92 26.359 25.115  -2.48  -2.57   3.6 224.0  77.36    4.7 422.4  1.21   0.13 37.98 5.719  39.0
  2025  9  20   9 263.396 1015.68 26.380 24.909  -2.83  -3.00   4.1 223.3  75.69    3.9 408.8  1.22   0.00 37.91 5.686  39.0
  2025  9  20  11 263.479 1014.98 26.309 24.715  -2.08  -2.37   3.2 221.3  72.55    3.2 405.0  1.22   0.00 37.83 5.654  39.0
  2025  9  20  12 263.521 1014.43 26.223 24.651  -0.30  -3.03   3.0 185.7  74.42    3.6 417.5  1.20   0.00 37.81 5.645  39.1
  2025  9  20  14 263.604 1014.37 26.152 24.298  -2.39  -1.74   3.0 233.9  70.30    3.1 405.8  1.17   0.00 37.81 5.606  38.8
  2025  9  20  15 263.646 1014.53 26.069 24.079  -2.28  -1.99   3.0 228.9  72.42    2.6 395.4  1.16   0.00 37.84 5.585  38.9
  2025  9  20  16 263.688 1014.84 26.308 24.042  -2.23  -1.54   2.7 235.4  71.63   21.8 412.7  1.15   0.00 37.84 5.581  39.0
  2025  9  20  17 263.729 1015.38 26.746 24.270  -3.31  -2.36   4.1 234.5  69.09  101.5 403.1  1.07   0.00 37.86 5.609  39.1
  2025  9  20  18 263.771 1015.92 27.295 24.758  -3.10  -2.70   4.1 228.9  66.34  347.4 412.3  0.99   0.00 37.91 5.670  39.1
  2025  9  20  19 263.812 1016.26 27.436 25.731  -3.02  -3.63   4.7 219.8  66.66  398.6 422.8  0.94   0.00 37.95 5.785  39.2
  2025  9  20  20 263.854 1016.40 27.946 26.531  -3.66  -3.62   5.1 225.3  63.26  723.2 412.0  0.89   0.00 38.03 5.886  39.3
  2025  9  20  21 263.896 1016.01 28.290 27.427  -3.72  -3.79   5.3 224.5  61.49  742.8 410.3  0.83   0.00 38.12 6.000  39.3
  2025  9  20  22 263.938 1015.31 28.016 28.138  -3.29  -4.51   5.6 216.1  62.24  523.8 431.1  0.80   0.00 38.25 6.098  39.3
  2025  9  20  23 263.979 1014.61 27.690 28.397  -2.97  -5.81   6.5 207.1  66.28  591.7 433.4  0.79   0.00 38.36 6.144  39.7
  2025  9  21   0 264.021 1014.48 27.130 28.703  -3.00  -4.90   5.7 211.5  71.15  629.2 418.1  0.79   0.00 38.45 6.192  39.0
  2025  9  21   1 264.062 1014.21 26.882 28.992  -2.17  -5.04   5.5 203.3  73.21  396.0 427.9  0.79   0.00 38.59 6.245  39.0
  2025  9  21   3 264.146 1014.25 26.018 27.724  -2.10  -3.45   4.0 211.3  81.32   79.6 432.8  0.82   0.03 38.77 6.124  39.0
  2025  9  21   4 264.188 1014.61 25.673 26.923  -1.70  -1.54   2.3 227.8  84.71    7.9 435.9  0.85   0.03 38.79 6.035  39.0
  2025  9  21   5 264.229 1015.02 26.155 26.318  -1.51  -0.36   1.6 256.6  80.60    3.7 423.2  0.88   0.03 38.80 5.965  38.9
  2025  9  21   6 264.271 1015.87 26.261 25.950  -2.22  -0.84   2.4 249.3  80.18    3.5 434.1  0.90   0.02 38.81 5.924  39.0
  2025  9  21   7 264.312 1016.27 25.855 25.610  -1.44  -0.29   1.5 258.6  81.54    2.9 432.1  0.90   0.00 38.83 5.889  39.1
  2025  9  21   8 264.354 1016.41 25.797 25.219  -1.20  -0.17   1.2 261.9  80.98    3.7 430.8  0.92   0.02 38.85 5.846  39.1
  2025  9  21   9 264.396 1016.21 26.271 24.969  -1.91  -1.45   2.4 232.8  75.96    4.2 405.4  0.93   0.00 38.83 5.815  38.9
  2025  9  21  11 264.479 1015.76 26.451 24.627  -1.69  -3.35   3.8 206.8  75.09    3.4 403.5  0.93   0.00 38.86 5.780  39.0
  2025  9  21  12 264.521 1015.28 26.525 24.570  -1.63  -2.02   2.6 218.9  71.14    3.3 397.0  0.92   0.00 38.89 5.777  39.0
  2025  9  21  13 264.562 1014.95 26.668 24.462  -2.15  -1.15   2.4 241.9  67.34    3.2 393.4  0.92   0.00 38.92 5.769  39.2
  2025  9  21  14 264.604 1014.91 26.605 24.393  -1.43  -1.92   2.4 216.7  70.19    3.3 396.0  0.91   0.00 38.94 5.764  39.0
  2025  9  21  16 264.688 1015.66 26.543 24.431  -2.25  -3.85   4.5 210.3  72.02   21.8 393.2  0.92   0.00 39.00 5.776  38.5
  2025  9  21  17 264.729 1016.14 26.799 24.662  -1.75  -3.12   3.6 209.3  69.90  173.3 390.3  0.95   0.03 39.03 5.807  39.1
  2025  9  21  19 264.812 1016.40 27.723 25.458  -3.11  -3.75   4.9 219.7  65.69  650.6 394.5  0.89   0.00 38.82 5.870  39.2
  2025  9  21  20 264.854 1016.38 27.000 26.605  -1.51  -5.23   5.4 196.1  70.46  601.7 413.1  0.86   0.00 39.20 6.054  39.3
  2025  9  21  21 264.896 1016.20 27.242 27.225  -1.14  -5.21   5.3 192.3  71.29  651.6 423.8  0.86   0.00 39.26 6.134  39.6
  2025  9  21  22 264.938 1015.77 28.256 28.563  -2.92  -4.31   5.2 214.1  63.46  967.8 414.8  0.84   0.00 39.33 6.300  39.7
  2025  9  21  23 264.979 1015.10 28.626 30.319  -3.64  -3.40   5.0 227.0  60.44  979.6 407.1  0.81   0.00 39.46 6.526  39.4
  2025  9  22   0 265.021 1014.35 27.870 31.136  -1.37  -5.63   5.8 193.7  67.34  681.7 410.4  0.78   0.00  0.42 0.096  39.4
  2025  9  22   1 265.062 1013.91 28.186 31.095  -2.11  -3.47   4.1 211.3  62.61  610.7 406.1  0.78   0.00  0.45 0.103  39.1
  2025  9  22   3 265.146 1014.10 27.459 29.423  -0.86  -4.59   4.7 190.6  65.91   84.2 398.7  0.79   0.00 40.07 6.508  39.3
  2025  9  22   4 265.188 1014.60 26.947 27.881  -1.89  -3.52   4.0 208.2  70.66   16.5 408.1  0.83   0.04 40.12 6.331  39.0
  2025  9  22   5 265.229 1015.05 26.510 26.738  -1.87  -2.97   3.5 212.2  72.21    3.1 386.9  0.87   0.04 40.18 6.202  39.2
  2025  9  22   6 265.271 1015.71 26.559 25.961  -2.14  -1.70   2.7 231.5  71.31    3.1 387.9  0.89   0.02 40.19 6.112  39.3
  2025  9  22   7 265.312 1016.07 26.543 25.499  -1.53  -2.13   2.6 215.7  73.36    3.4 397.5  0.91   0.02 40.20 6.059  39.2
  2025  9  22   8 265.354 1016.15 26.280 25.199  -1.81  -0.94   2.0 242.6  75.14    3.1 394.0  0.91   0.00 40.23 6.027  39.1
  2025  9  22   9 265.396 1015.86 26.112 24.959  -0.97  -1.42   1.7 214.3  74.90    3.5 406.2  0.92   0.00 40.24 6.001  39.2
  2025  9  22  10 265.438 1015.38 26.089 24.785  -1.66  -1.02   1.9 238.4  74.15    3.6 410.7  0.92   0.00 40.26 5.982  39.2
  2025  9  22  11 265.479 1014.97 26.239 24.666  -1.82  -2.90   3.4 212.1  73.60    3.4 400.1  0.93   0.00 40.29 5.972  39.2
  2025  9  22  12 265.521 1014.67 26.133 24.524  -2.59  -3.18   4.1 219.2  72.18    3.2 382.5  0.93   0.00 40.32 5.960  39.0
  2025  9  22  13 265.562 1014.32 26.151 24.311  -2.67  -1.75   3.2 236.8  69.20    3.3 382.8  0.93   0.00 40.36 5.940  39.0
  2025  9  22  14 265.604 1014.31 26.050 24.176  -1.55  -0.83   1.8 241.8  71.86    3.1 386.0  0.93   0.00 40.39 5.927  39.2
  2025  9  22  15 265.646 1014.66 25.760 24.091  -1.57  -1.28   2.0 230.8  75.60    3.2 392.6  0.93   0.00 40.41 5.920  39.0
  2025  9  22  16 265.688 1015.04 25.833 24.033  -1.95  -1.25   2.3 237.3  75.15   16.0 393.0  0.92   0.00 40.42 5.915   0.0
  2025  9  22  17 265.729 1015.37 26.617 24.149   0.00  -0.01   0.0 180.0  70.13   46.4 405.3  0.90   0.00 40.45 5.932  26.7
  2025  9  22  18 265.771 1015.62 27.242 24.451   0.06  -0.04   0.1 123.7  68.65   85.1 413.6  0.88   0.00 40.46 5.969  27.5
  2025  9  22  19 265.812 1015.71 27.925 25.359   0.17  -0.14   0.2 129.5  64.90  249.8 415.0  0.84   0.00 40.47 6.078  26.0
  2025  9  22  20 265.854 1015.74 29.319 27.217   0.19  -0.21   0.3 137.9  57.75  491.1 418.2  0.78   0.00 40.58 6.315  26.8
  2025  9  22  21 265.896 1015.60 29.933 29.680   0.23  -0.39   0.5 149.5  52.74  712.2 419.4  0.72   0.00  0.24 0.055  26.9
  2025  9  22  23 265.979 1014.15 29.009 30.201  -1.83  -1.13   2.2 238.3  58.80  578.2 417.7  0.69   0.00  0.00 0.000 222.8
  2025  9  23   0 266.021 1013.41 28.662 34.488  -1.51   1.16   1.9 307.5  67.87  196.4 414.2  0.76   0.07  0.00 0.000 247.6
  2025  9  23   1 266.062 1012.95 28.104 33.750  -2.07  -0.50   2.1 256.4  71.25  243.9 416.4  0.79   0.03  0.00 0.000 317.2
  2025  9  23   5 266.229 1014.30 27.010 26.663  -0.58  -1.27   1.4 204.5  70.99    4.9 411.3  0.88   0.09  0.00 0.000 340.5
  2025  9  23   6 266.271 1014.92 26.361 25.688  -1.23  -0.80   1.5 237.0  77.94    4.0 430.1  9.50   8.62  0.00 0.000 345.9
  2025  9  23   7 266.312 1015.66 26.426 26.333  -0.85  -0.90   1.2 223.4  76.50    3.9 418.6 18.79   9.29  0.00 0.000   5.3
  2025  9  23   8 266.354 1015.91 26.302 26.162  -0.12  -0.53   0.5 192.8  74.81    3.8 406.0 18.93   0.14  0.00 0.000  10.7
  2025  9  23   9 266.396 1015.83 26.194 26.047  -0.09  -0.53   0.5 189.6  74.89    3.8 403.0 19.08   0.15  0.00 0.000  10.0
  2025  9  23  11 266.479 1015.36 26.145 25.957  -0.08  -0.59   0.6 187.7  73.23    3.9 402.6 19.16   0.08  0.00 0.000   9.1
  2025  9  23  13 266.562 1014.66 26.019 25.825  -0.01  -0.58   0.6 181.0  73.64    3.8 404.3 19.15   0.00  0.00 0.000  13.4
  2025  9  23  14 266.604 1014.68 26.027 25.793  -0.46  -0.70   0.8 213.3  73.76    4.0 403.0 19.15   0.00  0.00 0.000 338.3
  2025  9  23  15 266.646 1015.14 25.662 25.561  -2.28  -1.32   2.6 239.9  78.74    4.5 417.3 19.15   0.00  0.00 0.000 345.3
  2025  9  23  17 266.729 1016.07 25.883 25.564  -0.18  -0.90   0.9 191.3  77.02  113.9 411.7 19.25   0.10  0.00 0.000  66.6
  2025  9  23  19 266.812 1016.91 26.551 26.932  -3.97  -4.01   5.6 224.7  76.17  481.7 393.4 20.85   1.60 31.17 4.970  70.0
  2025  9  23  20 266.854 1016.89 26.502 26.944  -4.62  -3.97   6.1 229.3  75.82  727.6 393.1 21.02   0.17 35.10 5.525  85.5
  2025  9  23  21 266.896 1016.47 26.474 26.990  -4.56  -3.87   6.0 229.7  77.66  916.3 396.7 20.99   0.00 35.10 5.530  71.7
  2025  9  23  22 266.938 1015.96 26.435 27.051  -4.89  -3.83   6.2 231.9  76.35  991.1 394.7 20.97   0.00 35.10 5.536  71.0
  2025  9  23  23 266.979 1015.24 26.304 27.094  -4.77  -3.31   5.8 235.2  78.57  968.3 396.9 20.96   0.00 35.10 5.540  86.2
  2025  9  24   0 267.021 1014.84 26.452 27.157  -4.47  -3.49   5.7 232.0  75.99  842.5 394.6 20.95   0.00 35.10 5.548  81.5
  2025  9  24   2 267.104 1014.52 26.649 27.129  -4.12  -3.25   5.2 231.7  74.59  457.2 391.0 20.89   0.00 35.09 5.544  77.8
  2025  9  24   3 267.146 1014.77 26.660 27.094  -3.90  -4.27   5.8 222.4  75.04  157.9 392.2 20.83   0.00 35.09 5.539  55.0
  2025  9  24   4 267.188 1015.11 26.586 27.030  -3.97  -4.87   6.3 219.2  76.46   16.7 396.6 20.85   0.02 35.09 5.532  65.6
  2025  9  24   8 267.354 1016.78 26.307 26.930  -4.82  -4.05   6.3 230.0  79.76    4.1 392.9 20.85   0.00 35.08 5.521  72.7
  2025  9  24   9 267.396 1016.57 26.272 26.925  -5.77  -2.62   6.3 245.6  80.45    4.0 413.6 20.86   0.00 35.09 5.521 105.0
  2025  9  24  10 267.438 1016.18 26.189 26.917  -5.76  -2.34   6.2 247.9  79.55    4.0 398.1 20.87   0.00 35.08 5.520  80.1
  2025  9  24  11 267.479 1015.81 26.211 26.904  -5.22  -2.42   5.8 245.1  78.78    4.0 393.4 20.87   0.00 35.09 5.519  59.9
  2025  9  24  12 267.521 1015.38 25.833 26.899  -5.33  -2.57   5.9 244.3  79.55    3.9 401.8 20.87   0.00 35.09 5.519  64.1
  2025  9  24  13 267.562 1015.00 26.174 26.893  -4.99  -3.04   5.8 238.6  75.55    4.1 388.1 20.88   0.00 35.09 5.518  85.5
  2025  9  24  14 267.604 1014.95 26.144 26.891  -4.37  -3.69   5.7 229.8  73.31    3.9 379.8 20.87   0.00 35.09 5.518  63.3
  2025  9  24  15 267.646 1015.29 26.067 26.882  -3.82  -2.96   4.8 232.2  74.16    3.8 378.7 20.87   0.00 35.09 5.517  66.2
  2025  9  24  16 267.688 1015.60 26.166 26.886  -3.58  -3.37   4.9 226.7  72.75   19.9 379.1 20.88   0.00 35.09 5.517  55.4
  2025  9  24  17 267.729 1016.04 26.467 26.889  -3.26  -2.91   4.4 228.2  71.67  170.3 383.6 20.87   0.00 35.09 5.517  76.7
  2025  9  24  18 267.771 1016.39 26.552 26.901  -2.94  -2.99   4.2 224.5  71.78  351.5 385.0 20.86   0.00 35.08 5.518  64.9
  2025  9  24  19 267.812 1016.75 26.561 26.927  -2.71  -3.42   4.4 218.4  72.20  579.1 385.5 20.82   0.00 35.08 5.521  52.8
  2025  9  24  21 267.896 1016.72 26.579 27.088  -1.96  -3.17   3.7 211.7  72.28  928.5 392.2 20.76   0.00 35.09 5.538  58.0
  2025  9  24  22 267.938 1016.24 26.623 27.191  -1.72  -3.64   4.0 205.3  71.93  982.4 394.4 20.74   0.00 35.09 5.550  50.0
  2025  9  24  23 267.979 1015.44 26.613 27.302  -2.20  -3.01   3.7 216.2  73.23  941.7 395.0 20.73   0.00 35.09 5.561  57.0
  2025  9  25   0 268.021 1015.06 26.647 27.393  -1.67  -2.54   3.0 213.3  74.85  745.6 410.3 20.71   0.00 35.09 5.571  41.2
  2025  9  25   1 268.062 1014.78 25.685 27.338  -0.67  -1.58   1.7 203.0  81.48  345.1 420.6 21.21   0.50 35.05 5.560  25.0
  2025  9  25   2 268.104 1014.60 26.353 27.317  -0.31  -2.00   2.0 188.8  72.23  407.9 400.9 21.32   0.11 35.08 5.562  77.9
  2025  9  25   3 268.146 1014.76 25.378 27.305  -1.29  -1.57   2.0 219.4  82.55  106.8 415.2 21.64   0.32 35.06 5.557  89.1
  2025  9  25   4 268.188 1014.82 25.618 27.279  -1.32  -1.02   1.7 232.3  80.64   11.4 404.9 21.89   0.25 35.08 5.557  68.5
  2025  9  25   5 268.229 1015.16 25.117 27.165  -0.60  -1.57   1.7 200.9  81.25    4.3 412.4 22.25   0.36 35.08 5.545  78.0
  2025  9  25   6 268.271 1015.56 25.409 27.124   0.06  -2.69   2.7 178.7  79.38    5.3 414.4 22.44   0.19 35.08 5.542   6.9
  2025  9  25   7 268.312 1015.76 24.680 27.127  -1.17  -2.85   3.1 202.3  79.49    4.5 428.5 22.63   0.19 35.08 5.542  18.1
  2025  9  25   8 268.354 1015.67 24.872 27.093  -0.80  -3.68   3.8 192.3  82.71    6.4 416.9 22.96   0.33 35.08 5.538  30.8
  2025  9  25   9 268.396 1015.31 25.267 27.084  -1.26  -2.13   2.5 210.6  80.66    5.8 420.9 23.03   0.07 35.08 5.537  39.5
  2025  9  25  10 268.438 1014.94 25.169 27.074  -0.68  -2.15   2.3 197.6  80.58    4.2 430.1 23.03   0.00 35.07 5.535  54.5
  2025  9  25  12 268.521 1013.73 25.085 27.025   0.59  -3.74   3.8 171.0  84.82    4.3 420.3 23.04   0.00 35.07 5.529  19.5
  2025  9  25  13 268.562 1013.45 25.235 27.007   0.08  -3.15   3.2 178.5  81.52    4.3 424.5 23.04   0.00 35.07 5.528 359.1
  2025  9  25  14 268.604 1013.37 24.725 26.970   0.39  -4.63   4.6 175.2  85.44    4.5 430.7 23.04   0.00 35.07 5.524  17.7
  2025  9  25  16 268.688 1014.23 24.145 26.945  -3.71  -7.51   8.4 206.3  88.77   13.7 426.1 23.30   0.26 35.07 5.521  39.6
  2025  9  25  17 268.729 1014.75 22.892 26.937  -5.85  -5.94   8.3 224.6  93.23   58.4 425.0 23.42   0.12 35.07 5.520  37.0
  2025  9  25  18 268.771 1015.33 23.473 26.902  -6.87  -2.41   7.3 250.7  88.04  128.7 424.2 23.66   0.24 35.07 5.517 116.1
  2025  9  25  19 268.812 1015.59 23.183 26.888  -9.04  -1.69   9.2 259.4  89.57  198.1 422.5 23.70   0.04 35.07 5.515  90.7
  2025  9  25  21 268.896 1015.51 23.034 26.891  -6.47   2.30   6.9 289.6  90.20  534.5 416.0 23.74   0.04 35.07 5.516 110.3
  2025  9  25  22 268.938 1015.13 23.075 26.904  -6.60   2.48   7.1 290.6  89.37  652.2 418.9 23.71   0.00 35.07 5.517 148.7
  2025  9  25  23 268.979 1014.17 23.402 26.907  -5.62   3.15   6.4 299.3  87.76  526.5 418.1 23.61   0.00 35.07 5.517 153.1
  2025  9  26   0 269.021 1013.65 23.366 26.909  -4.66   3.05   5.6 303.2  85.05  522.0 416.1 23.55   0.00 35.07 5.518 138.5
  2025  9  26   1 269.062 1013.38 23.772 26.916  -3.90   2.86   4.8 306.3  82.37  541.6 398.0 23.55   0.00 35.07 5.518 126.2
  2025  9  26   2 269.104 1013.46 24.076 26.913  -3.05   3.11   4.4 315.6  84.61  279.7 417.8 23.45   0.00 35.07 5.518 151.8
  2025  9  26   3 269.146 1013.81 24.180 26.916  -3.64   2.78   4.6 307.4  86.82  104.1 420.4 23.41   0.00 35.07 5.519 148.9
  2025  9  26   4 269.188 1014.26 24.237 26.906  -4.70   2.77   5.5 300.5  89.64    7.8 427.5 23.44   0.03 35.07 5.517 122.1
  2025  9  26   5 269.229 1014.66 24.661 26.897  -5.70   3.29   6.6 300.0  88.18    4.6 428.7 23.48   0.04 35.07 5.517 152.3
  2025  9  26   6 269.271 1015.03 25.070 26.892  -5.96   3.90   7.1 303.2  86.75    4.3 426.4 23.50   0.00 35.07 5.516 139.2
  2025  9  26   7 269.312 1015.65 25.077 26.892  -6.20   3.26   7.0 297.7  89.31    4.4 430.6 23.49   0.00 35.07 5.516 171.0
  2025  9  26   8 269.354 1015.67 25.352 26.886  -4.29   5.31   6.8 321.1  87.96    4.2 428.1 23.49   0.00 35.07 5.515 174.7
  2025  9  26   9 269.396 1015.56 25.562 26.879  -1.75   5.33   5.6 341.8  85.64    4.3 429.0 23.48   0.00 35.07 5.515 183.1
  2025  9  26  10 269.438 1015.46 25.882 26.879  -1.00   5.25   5.3 349.2  82.00    4.3 426.2 23.47   0.00 35.07 5.515 199.1
  2025  9  26  11 269.479 1015.11 26.058 26.874  -0.64   5.38   5.4 353.2  82.27    4.1 407.2 23.44   0.00 35.07 5.514 175.7
  2025  9  26  12 269.521 1014.85 26.236 26.870  -0.55   5.54   5.6 354.3  80.73    4.1 415.1 23.41   0.00 35.07 5.514 199.4
  2025  9  26  13 269.562 1014.55 26.259 26.870  -0.52   6.30   6.3 355.3  80.96    4.1 422.3 23.36   0.00 35.07 5.514 206.5
  2025  9  26  14 269.604 1014.89 25.577 26.867   1.43   6.13   6.3  13.1  82.21    3.8 427.8 23.30   0.00 35.07 5.513 200.4
  2025  9  26  15 269.646 1015.33 24.020 26.834   0.53   5.71   5.7   5.3  89.43    5.8 421.4 28.58   5.28 35.02 5.503 190.4
  2025  9  26  16 269.688 1015.74 25.175 26.831   0.40   5.64   5.7   4.1  83.84   16.9 429.1 29.44   0.86 35.04 5.505 195.1
  2025  9  26  17 269.729 1016.24 25.698 26.831  -0.02   3.99   4.0 359.7  81.98   72.3 423.0 29.59   0.15 35.05 5.506 178.0
  2025  9  26  18 269.771 1016.74 25.378 26.838   2.22   6.04   6.4  20.2  87.41   80.1 434.8 29.73   0.14 35.05 5.507 223.1
  2025  9  26  19 269.812 1017.17 24.173 26.830   1.51   5.73   5.9  14.8  89.94  186.5 427.5 32.62   2.89 35.03 5.503 211.9
  2025  9  26  20 269.854 1017.15 25.828 26.864  -0.57   4.17   4.2 352.2  84.56  543.9 427.2 32.93   0.31 35.02 5.505 178.7
  2025  9  26  21 269.896 1016.89 26.784 26.895  -2.75   5.79   6.4 334.6  78.59  721.5 418.6 32.89   0.00 35.01 5.508 171.8
  2025  9  26  22 269.938 1016.54 26.841 26.933  -3.24   5.07   6.0 327.4  77.14  757.9 413.2 32.73   0.00 35.01 5.512 160.4
  2025  9  27   0 270.021 1015.43 26.790 26.988  -2.45   4.07   4.8 329.0  76.82  704.8 407.8 32.56   0.00 35.05 5.522 147.5
  2025  9  27   1 270.062 1015.39 26.831 27.053  -2.72   3.50   4.4 322.1  77.26  551.7 398.7 32.49   0.00 35.05 5.530 160.3
  2025  9  27   2 270.104 1015.52 26.863 27.066  -2.36   2.56   3.5 317.3  76.56  361.9 400.7 32.44   0.00 35.05 5.532 162.1
  2025  9  27   3 270.146 1015.87 26.754 27.046  -2.93   2.81   4.1 313.8  78.35   95.2 418.7 32.40   0.00 35.05 5.530 127.1
  2025  9  27   4 270.188 1016.19 26.666 26.999  -4.03   2.72   4.9 304.0  79.99    7.0 418.3 32.48   0.08 35.05 5.524 119.0
  2025  9  27   5 270.229 1016.99 26.611 26.994  -3.29   2.89   4.4 311.3  80.01    4.8 431.7 32.90   0.42 35.03 5.521 128.1
  2025  9  27   6 270.271 1017.42 26.792 26.970  -3.77   1.94   4.2 297.2  77.70    5.3 432.7 33.01   0.11 35.04 5.519 124.1
  2025  9  27   7 270.312 1017.29 26.690 26.963  -4.20   1.81   4.6 293.3  79.71    3.9 405.0 33.00   0.00 35.05 5.520 105.5
  2025  9  27   8 270.354 1017.13 26.542 26.963  -4.22   2.13   4.7 296.8  81.06    3.9 400.3 33.01   0.00 35.04 5.519 109.1
  2025  9  27   9 270.396 1016.75 26.515 26.951  -4.47   2.54   5.1 299.6  81.35    4.0 412.7 33.02   0.00 35.04 5.518 104.7
  2025  9  27  10 270.438 1016.32 26.494 26.943  -4.61   2.73   5.4 300.6  82.74    3.9 400.6 33.03   0.00 35.04 5.517 120.6
  2025  9  27  11 270.479 1015.90 26.435 26.941  -4.46   3.54   5.7 308.4  83.40    4.1 405.9 33.04   0.00 35.05 5.518 123.8
  2025  9  27  12 270.521 1015.53 26.389 26.941  -4.05   4.03   5.7 314.9  82.91    4.0 402.6 33.05   0.00 35.06 5.520 132.1
  2025  9  27  13 270.562 1015.22 26.346 26.940  -4.24   3.70   5.6 311.1  82.54    3.9 396.2 33.07   0.02 35.07 5.520 141.2
  2025  9  27  14 270.604 1015.33 26.334 26.927  -4.20   3.26   5.3 307.8  82.66    4.0 400.6 33.08   0.00 35.07 5.519 133.3
  2025  9  27  16 270.688 1015.82 26.295 26.882  -4.37   2.09   4.8 295.6  82.96   19.0 395.9 33.06   0.00 35.07 5.514 145.7
  2025  9  27  17 270.729 1016.11 26.507 26.886  -4.33   2.06   4.8 295.4  82.70  144.4 395.6 32.99   0.00 35.07 5.514 122.3
  2025  9  27  18 270.771 1016.51 26.712 26.902  -4.42   1.76   4.8 291.7  81.23  321.1 396.0 32.91   0.00 35.07 5.516 141.0
  2025  9  27  19 270.812 1016.77 26.746 26.938  -4.85   1.11   5.0 282.9  81.51  528.5 398.0 32.79   0.00 35.07 5.520 115.4
  2025  9  27  20 270.854 1016.70 26.755 26.994  -4.86   0.86   4.9 280.0  81.42  756.9 401.2 32.70   0.00 35.07 5.526 131.8
  2025  9  27  21 270.896 1016.32 26.769 27.060  -4.93   0.46   5.0 275.3  80.46  861.3 397.5 32.65   0.00 35.07 5.533 116.8
  2025  9  27  23 270.979 1015.15 26.801 27.233  -4.64   0.11   4.6 271.4  79.23  827.7 405.3 32.59   0.00 35.07 5.551 115.5
  2025  9  28   0 271.021 1014.50 26.801 27.268  -4.27  -0.36   4.3 265.2  79.78  802.6 397.4 32.55   0.00 35.07 5.555 108.0
  2025  9  28   2 271.104 1014.38 26.885 27.252  -5.23   0.27   5.2 273.0  79.01  413.0 399.6 32.47   0.00 35.07 5.553 118.2
  2025  9  28   3 271.146 1015.00 26.845 27.167  -4.96  -0.23   5.0 267.3  76.70  160.9 393.3 32.45   0.00 35.06 5.544  89.2
  2025  9  28   4 271.188 1015.43 26.535 27.126  -4.36  -0.25   4.4 266.7  80.39   12.1 394.6 32.50   0.05 35.06 5.539 108.6
  2025  9  28   5 271.229 1015.62 26.481 27.094  -4.82  -0.44   4.8 264.8  80.53    3.9 397.3 32.60   0.10 35.06 5.535 107.1
  2025  9  28   6 271.271 1015.89 26.461 27.032  -4.89  -1.27   5.1 255.4  80.24    3.9 391.1 32.66   0.06 35.06 5.529  97.5
  2025  9  28  10 271.438 1016.10 26.299 26.984  -4.86  -0.43   4.9 264.9  80.76    3.9 392.4 32.74   0.08 35.06 5.524  94.2
  2025  9  28  11 271.479 1015.66 26.228 26.969  -4.83  -1.31   5.0 254.8  80.64    3.9 391.6 32.75   0.00 35.06 5.522  90.3
  2025  9  28  12 271.521 1015.33 26.189 26.962  -4.91  -1.77   5.2 250.2  80.60    3.9 393.0 32.76   0.00 35.06 5.522  99.9
  2025  9  28  14 271.604 1015.21 26.119 26.945  -4.51  -2.29   5.1 243.1  82.47    4.0 415.2 32.75   0.00 35.06 5.520  93.4
  2025  9  28  16 271.688 1016.01 26.155 26.921  -5.33  -2.34   5.8 246.3  77.04   15.3 432.4 32.81   0.06 35.06 5.517  62.3
  2025  9  28  17 271.729 1016.44 25.693 26.907  -5.01  -2.72   5.7 241.5  82.51   77.2 419.2 32.78   0.00 35.06 5.516  84.5
  2025  9  28  18 271.771 1016.86 26.591 26.914  -5.57  -1.48   5.8 255.1  75.47  309.4 408.1 32.78   0.00 35.06 5.516  77.6
  2025  9  28  20 271.854 1017.26 26.703 26.974  -6.24  -1.59   6.4 255.7  77.65  679.0 407.1 32.65   0.00 35.06 5.523  88.5
  2025  9  28  21 271.896 1017.04 26.740 27.019  -5.89  -1.77   6.2 253.3  77.18  888.3 411.2 32.61   0.00 35.06 5.528  89.9
  2025  9  28  22 271.938 1016.65 26.869 27.054  -6.04  -2.01   6.4 251.6  75.20  910.9 409.0 32.58   0.00 35.07 5.532  87.8
  2025  9  28  23 271.979 1016.14 26.799 27.089  -6.02  -1.80   6.3 253.4  75.51  928.7 397.2 32.55   0.00 35.07 5.536  91.4
  2025  9  29   0 272.021 1015.69 26.724 27.108  -6.06  -2.42   6.5 248.2  75.64  819.0 394.7 32.53   0.00 35.07 5.538  75.6
  2025  9  29   2 272.104 1015.92 26.811 27.086  -5.83  -2.57   6.4 246.2  76.11  343.0 398.6 32.47   0.00 35.07 5.536  79.0
  2025  9  29   3 272.146 1016.32 26.799 27.056  -5.48  -2.69   6.1 243.9  76.56  156.8 397.0 32.46   0.00 35.07 5.533  85.6
  2025  9  29   4 272.188 1016.83 26.576 27.026  -5.39  -3.30   6.3 238.5  78.32    9.3 398.6 32.51   0.05 35.07 5.529  71.6
  2025  9  29   5 272.229 1017.38 26.614 27.004  -5.65  -2.72   6.3 244.3  76.82    4.0 394.7 32.59   0.08 35.06 5.527  83.0
  2025  9  29   6 272.271 1018.04 26.388 26.985  -5.95  -2.54   6.5 246.9  80.11    4.6 405.6 32.63   0.04 35.06 5.524  53.9
  2025  9  29   7 272.312 1018.48 26.609 26.952  -6.33  -2.41   6.8 249.2  77.29    4.5 394.6 32.68   0.05 35.06 5.521  85.4
  2025  9  29   8 272.354 1018.78 26.473 26.940  -5.98  -2.77   6.6 245.1  80.12    4.0 395.7 32.67   0.00 35.06 5.519  60.6
  2025  9  29   9 272.396 1018.54 26.450 26.924  -6.08  -3.04   6.8 243.4  79.64    4.0 399.1 32.68   0.00 35.06 5.518  67.4
  2025  9  29  10 272.438 1018.34 26.358 26.921  -5.53  -2.88   6.2 242.5  80.29    4.0 397.1 32.68   0.00 35.06 5.517  50.8
  2025  9  29  12 272.521 1017.62 26.186 26.922  -5.86  -2.62   6.4 245.9  81.59    4.2 394.2 32.71   0.03 35.06 5.517  66.7
  2025  9  29  15 272.646 1018.06 26.271 26.893  -6.00  -2.00   6.3 251.6  80.80    4.1 391.6 32.72   0.00 35.06 5.514  91.7
  2025  9  29  16 272.688 1018.60 26.338 26.884  -5.80  -2.31   6.2 248.3  79.30   18.9 391.3 32.72   0.00 35.06 5.513  90.7
  2025  9  29  18 272.771 1019.74 26.665 26.902  -5.92  -1.81   6.2 253.0  78.18  354.7 395.6 32.68   0.00 35.05 5.514  94.9
  2025  9  29  20 272.854 1020.20 26.782 26.955  -5.88  -1.24   6.0 258.1  77.77  799.6 400.5 32.60   0.00 35.05 5.520  76.1
  2025  9  29  21 272.896 1019.97 26.673 26.991  -5.51  -1.54   5.7 254.4  79.36  823.9 404.8 32.57   0.00 35.05 5.524  94.3
  2025  9  29  22 272.938 1019.48 26.721 27.039  -5.73  -1.06   5.8 259.5  77.85  968.2 400.5 32.56   0.00 35.05 5.528  80.2
  2025  9  30   0 273.021 1018.40 26.709 27.107  -4.78  -1.85   5.1 248.8  78.29  714.1 404.2 32.50   0.00 35.05 5.535  80.3
  2025  9  30   1 273.062 1018.20 26.751 27.104  -4.76  -1.87   5.1 248.6  78.86  595.0 401.1 32.47   0.00 35.05 5.535  82.2
  2025  9  30   2 273.104 1018.19 26.589 27.129  -5.14  -1.62   5.4 252.5  80.54  327.7 404.7 32.45   0.00 35.05 5.538  83.0
  2025  9  30   4 273.188 1019.01 26.557 27.056  -5.22  -2.49   5.8 244.5  80.72   12.5 398.3 32.50   0.05 35.05 5.530  75.0
  2025  9  30   5 273.229 1019.73 26.477 27.016  -5.60  -1.88   5.9 251.4  80.67    4.6 401.0 32.60   0.10 35.04 5.525  83.2
  2025  9  30   6 273.271 1020.30 26.518 26.985  -5.54  -2.22   6.0 248.2  80.14    4.0 392.4 32.66   0.06 35.04 5.522  75.0
  2025  9  30   7 273.312 1020.71 26.477 26.958  -5.22  -2.35   5.7 245.8  80.15    4.0 392.9 32.67   0.00 35.04 5.519  68.0
  2025  9  30   8 273.354 1020.66 26.374 26.941  -5.08  -1.86   5.4 249.9  80.97    4.0 390.5 32.68   0.00 35.04 5.516  87.2
  2025  9  30   9 273.396 1020.30 26.347 26.920  -5.08  -1.91   5.4 249.4  80.67    4.0 392.0 32.69   0.00 35.04 5.514  88.3
  2025  9  30  10 273.438 1019.99 26.304 26.907  -4.93  -1.67   5.2 251.3  80.28    4.0 390.2 32.69   0.00 35.04 5.513  85.3
  2025  9  30  11 273.479 1019.48 26.239 26.901  -4.78  -2.12   5.2 246.1  79.80    4.0 388.5 32.69   0.00 35.04 5.512  83.4
  2025  9  30  12 273.521 1018.92 26.152 26.898  -4.97  -1.71   5.3 251.0  81.45    4.0 388.8 32.70   0.00 35.04 5.512 102.9
  2025  9  30  13 273.562 1018.70 26.139 26.890  -5.07  -2.24   5.5 246.2  81.47    4.0 388.3 32.71   0.00 35.04 5.511  84.5
  2025  9  30  14 273.604 1018.72 26.086 26.888  -4.99  -2.15   5.4 246.7  81.89    4.0 388.6 32.71   0.00 35.04 5.511  87.8
  2025  9  30  15 273.646 1019.00 26.107 26.888  -4.79  -1.78   5.1 249.6  82.47    4.0 391.5 32.72   0.00 35.04 5.511  66.1
  2025  9  30  16 273.688 1019.25 26.109 26.885  -5.06  -2.38   5.6 244.8  81.99   16.6 393.6 32.73   0.00 35.04 5.511  91.8
  2025  9  30  18 273.771 1020.25 26.546 26.906  -5.13  -1.85   5.5 250.2  79.28  369.2 395.6 32.71   0.00 35.05 5.514 102.3
  2025  9  30  19 273.812 1020.40 26.560 26.926  -5.24  -1.69   5.5 252.1  79.48  564.4 396.4 32.67   0.00 35.05 5.516 105.0
  2025  9  30  20 273.854 1020.41 26.629 26.966  -5.32  -1.68   5.6 252.5  79.51  769.6 397.8 32.62   0.00 35.05 5.520  79.2
  2025  9  30  21 273.896 1020.02 26.653 27.016  -5.28  -1.24   5.4 256.8  77.51  902.1 395.1 32.59   0.00 35.05 5.526  87.6
  2025  9  30  22 273.938 1019.42 26.660 27.084  -4.44  -1.39   4.7 252.6  78.00  958.6 398.8 32.53   0.00 35.05 5.533  95.2
  2025  9  30  23 273.979 1018.74 26.700 27.168  -3.93  -1.48   4.2 249.4  77.37  902.5 399.0 32.46   0.00 35.05 5.542 101.8
  2025 10   1   0 274.021 1018.32 26.765 27.238  -3.85  -1.58   4.2 247.7  77.17  832.9 401.9 32.43   0.00 35.06 5.550  72.7
  2025 10   1   1 274.062 1018.30 26.788 27.260  -3.76  -2.25   4.4 239.1  76.94  551.3 400.5 32.39   0.00 35.06 5.553  64.9
  2025 10   1   2 274.104 1018.49 26.823 27.220  -3.48  -2.49   4.3 234.4  76.57  411.4 397.2 32.35   0.00 35.06 5.548  61.3
  2025 10   1   3 274.146 1018.62 26.737 27.167  -3.43  -2.57   4.3 233.2  78.28  161.6 397.8 32.35   0.00 35.06 5.543  90.4
  2025 10   1   4 274.188 1019.05 26.555 27.114  -3.96  -2.55   4.7 237.2  79.02   13.2 400.2 32.39   0.04 35.06 5.537  78.7
  2025 10   1   5 274.229 1019.43 25.945 27.073  -4.42  -2.52   5.1 240.3  83.91    3.8 408.8 32.48   0.09 35.06 5.533  81.2
  2025 10   1   6 274.271 1019.87 26.297 27.034  -4.76  -2.05   5.2 246.7  82.94    4.2 398.0 32.56   0.08 35.06 5.529  95.9
  2025 10   1   7 274.312 1020.34 26.222 27.005  -4.53  -1.32   4.7 253.8  83.62    4.0 417.4 32.58   0.00 35.06 5.525 116.4
  2025 10   1   8 274.354 1020.15 26.314 26.994  -4.66  -1.34   4.8 254.0  83.29    5.5 414.5 32.75   0.17 35.06 5.524  87.4
  2025 10   1   9 274.396 1019.87 25.242 26.996  -7.14  -1.24   7.2 260.1  87.47    3.8 431.9 32.85   0.10 35.06 5.525  98.8
  2025 10   1  10 274.438 1019.34 24.730 26.985  -4.89   0.83   5.0 279.6  87.04    4.4 414.2 32.89   0.04 35.06 5.524  78.8
  2025 10   1  11 274.479 1018.79 25.263 26.962  -3.58  -0.42   3.6 263.3  83.37    4.5 421.2 32.93   0.04 35.06 5.521  61.4
  2025 10   1  12 274.521 1018.05 25.355 26.943  -3.33  -1.54   3.7 245.2  85.40    4.1 411.2 32.93   0.00 35.06 5.519  77.8
  2025 10   1  13 274.562 1017.54 25.314 26.935  -4.11  -1.83   4.5 246.0  87.27    4.2 401.0 32.91   0.00 35.06 5.518  91.2
  2025 10   1  14 274.604 1017.65 25.553 26.927  -4.87  -1.82   5.2 249.5  86.32    4.2 389.4 32.90   0.00 35.06 5.517  79.8
  2025 10   1  16 274.688 1018.06 26.013 26.917  -4.14  -2.69   4.9 237.0  81.66   19.3 401.1 32.85   0.00 35.06 5.516  48.2
  2025 10   1  18 274.771 1018.67 26.569 26.927  -5.69  -3.15   6.5 241.0  73.25  367.2 381.8 32.71   0.00 35.06 5.518  77.3
  2025 10   1  20 274.854 1018.61 26.542 26.971  -5.69  -2.70   6.3 244.6  72.74  775.0 385.8 32.57   0.00 35.06 5.522  89.3
  2025 10   1  22 274.938 1017.62 26.538 27.051  -5.04  -2.40   5.6 244.5  73.21  924.1 392.1 32.51   0.00 35.06 5.532  74.6
  2025 10   1  23 274.979 1016.83 26.485 27.096  -4.82  -1.87   5.2 248.8  73.43  920.3 390.4 32.49   0.00 35.07 5.536  80.4
  2025 10   2   0 275.021 1016.28 26.547 27.141  -4.05  -2.30   4.7 240.4  72.87  689.2 404.3 32.46   0.00 35.07 5.542  86.2
  2025 10   2   1 275.062 1016.11 26.272 27.150  -3.52  -2.24   4.2 237.5  77.25  444.7 414.8 32.44   0.00 35.07 5.542  74.9
  2025 10   2   2 275.104 1016.09 25.571 27.129  -3.59  -2.95   4.6 230.6  81.80   99.5 434.9 32.97   0.53 35.06 5.540  87.3
  2025 10   2   3 275.146 1016.35 26.424 27.087  -5.29  -1.51   5.5 254.1  73.56   85.9 389.6 33.20   0.23 35.07 5.536  72.3
  2025 10   2   4 275.188 1016.78 26.341 27.040  -5.21  -0.62   5.2 263.2  74.01    8.0 398.7 33.18   0.00 35.07 5.531  97.2
  2025 10   2   5 275.229 1017.17 26.319 27.013  -5.17  -1.62   5.4 252.6  75.01    3.9 405.4 33.18   0.00 35.07 5.528  76.7
  2025 10   2   6 275.271 1017.73 26.277 26.997  -4.91  -1.46   5.1 253.4  75.74    4.0 396.3 33.20   0.02 35.07 5.526 107.9
  2025 10   2   7 275.312 1018.28 26.295 26.988  -4.27  -0.98   4.4 257.1  76.46    3.9 390.3 33.21   0.00 35.07 5.525  83.0
  2025 10   2   8 275.354 1018.32 26.290 26.976  -4.02  -1.02   4.1 255.8  76.48    4.1 411.8 33.21   0.00 35.07 5.524  60.4
  2025 10   2   9 275.396 1018.24 24.915 26.965  -6.22  -0.12   6.2 268.9  86.46    4.2 432.0 33.60   0.39 35.06 5.521 105.3
  2025 10   2  10 275.438 1018.04 23.958 26.958  -1.94   0.59   2.0 286.9  91.10    5.1 431.0 34.69   1.09 35.06 5.521 143.9
  2025 10   2  11 275.479 1017.47 23.700 26.949  -3.73   2.34   4.4 302.1  91.18    5.2 425.9 35.50   0.81 35.05 5.519 134.7
  2025 10   2  13 275.562 1016.02 25.021 26.949  -1.91  -0.90   2.1 244.8  85.25    5.9 397.0 35.66   0.16 35.06 5.521  86.8
  2025 10   2  14 275.604 1016.15 24.832 26.944  -5.90   1.40   6.1 283.3  87.18    4.6 427.6 35.63   0.00 35.06 5.520  89.2
  2025 10   2  16 275.688 1016.55 25.295 26.931  -4.16   1.58   4.4 290.8  85.28   19.9 401.6 36.28   0.65 35.06 5.518  94.1
  2025 10   2  17 275.729 1016.85 25.727 26.939  -5.27  -0.30   5.3 266.7  83.01  145.5 411.9 36.33   0.05 35.06 5.519 107.0
  2025 10   2  18 275.771 1017.12 26.346 26.949  -5.98  -0.18   6.0 268.3  78.26  358.3 394.7 36.37   0.04 35.06 5.520  85.1
  2025 10   2  19 275.812 1017.33 26.203 26.960  -6.27  -0.69   6.3 263.7  81.72  529.2 401.7 36.30   0.00 35.06 5.522  94.0
  2025 10   2  20 275.854 1017.10 26.169 26.984  -6.30   0.03   6.3 270.3  81.87  684.5 406.5 36.21   0.00 35.06 5.524 128.4
  2025 10   2  21 275.896 1016.53 26.174 27.031  -4.99   0.21   5.0 272.4  81.81  884.6 396.6 36.16   0.00 35.06 5.529 132.5
  2025 10   2  22 275.938 1015.94 26.552 27.094  -5.75   0.55   5.8 275.5  78.49  928.4 399.2 36.10   0.00 35.06 5.536 111.1
  2025 10   2  23 275.979 1015.33 26.633 27.131  -5.44   1.24   5.6 282.8  77.48  853.7 405.4 36.04   0.00 35.06 5.540 102.4
  2025 10   3   0 276.021 1014.90 26.465 27.158  -5.32   0.33   5.3 273.5  78.49  739.9 414.6 36.01   0.00 35.07 5.543 115.7
  2025 10   3   1 276.062 1014.77 26.577 27.173  -5.15   0.91   5.2 280.0  77.10  587.4 394.2 35.95   0.00 35.06 5.544 124.1
  2025 10   3   2 276.104 1014.88 26.621 27.153  -4.49   1.08   4.6 283.5  78.03  352.7 402.8 35.90   0.00 35.06 5.542 123.0
  2025 10   3   3 276.146 1015.06 26.446 27.118  -4.59   0.47   4.6 275.8  80.00  156.2 408.4 35.89   0.00 35.06 5.538 118.5
  2025 10   3   4 276.188 1015.38 26.260 27.073  -4.55   0.21   4.6 272.6  81.06    7.5 396.1 35.93   0.04 35.06 5.533 120.8
  2025 10   3   5 276.229 1015.97 26.421 27.043  -4.92   0.41   4.9 274.8  79.60    4.1 408.3 36.01   0.08 35.06 5.530 102.6
  2025 10   3   7 276.312 1017.05 26.363 27.010  -4.71   0.74   4.8 278.9  81.52    4.1 427.2 36.07   0.06 35.06 5.527 104.5
  2025 10   3   8 276.354 1016.79 26.486 26.995  -5.49   0.96   5.6 279.9  80.65    4.1 414.7 36.08   0.00 35.06 5.525 122.7
  2025 10   3   9 276.396 1016.32 25.899 26.982  -5.30   1.63   5.5 287.1  85.01    3.8 418.5 36.07   0.00 35.06 5.524 128.3
  2025 10   3  10 276.438 1015.97 26.396 26.981  -5.80   1.27   5.9 282.4  80.99    4.3 412.1 36.12   0.05 35.06 5.523 131.4
  2025 10   3  11 276.479 1015.52 26.392 26.987  -5.80   1.68   6.0 286.2  79.25    4.1 395.8 36.10   0.00 35.06 5.524 128.1
  2025 10   3  12 276.521 1014.99 26.319 26.976  -5.44   1.60   5.7 286.4  78.75    4.0 399.4 36.09   0.00 35.06 5.523 133.6
  2025 10   3  14 276.604 1014.72 26.253 26.960  -5.28   1.53   5.5 286.2  80.28    4.0 393.9 36.08   0.00 35.06 5.521 129.9
  2025 10   3  15 276.646 1014.98 26.060 26.955  -5.49   0.83   5.6 278.6  82.67    3.9 406.5 36.08   0.00 35.06 5.521 118.3
  2025 10   3  16 276.688 1015.57 25.557 26.951  -4.71  -0.03   4.7 269.6  85.34   17.0 404.5 36.09   0.00 35.06 5.520 132.1
  2025 10   3  18 276.771 1016.82 26.359 26.958  -5.85   0.64   5.9 276.2  82.53  268.9 409.4 36.15   0.06 35.06 5.521 136.1
  2025 10   3  20 276.854 1017.05 26.065 26.981  -5.87  -0.54   5.9 264.7  82.22  648.1 420.8 36.04   0.00 35.06 5.524 118.1
  2025 10   3  21 276.896 1016.83 26.630 27.010  -6.00   0.88   6.1 278.3  78.05  795.5 414.8 36.00   0.00 35.06 5.527 128.9
  2025 10   3  22 276.938 1016.41 26.611 27.069  -5.55   0.94   5.6 279.6  80.37  926.8 396.9 35.96   0.00 35.06 5.533 119.2
  2025 10   4   2 277.104 1015.30 26.810 27.116  -6.30   0.74   6.3 276.7  78.11  392.5 400.7 35.81   0.00 35.07 5.539 105.9
  2025 10   4   3 277.146 1015.59 26.567 27.088  -5.62  -0.56   5.6 264.3  78.96  100.2 426.3 35.82   0.00 35.07 5.536 107.0
  2025 10   4   5 277.229 1016.70 26.504 27.040  -6.28  -0.32   6.3 267.1  82.66    4.1 426.7 35.96   0.14 35.07 5.531  90.1
  2025 10   4   6 277.271 1017.24 26.626 27.018  -6.59   0.48   6.6 274.2  82.89    4.2 427.3 36.00   0.04 35.07 5.528 110.7
  2025 10   4   9 277.396 1017.33 26.580 26.986  -6.72   2.02   7.0 286.7  80.59    3.9 401.0 35.99   0.00 35.07 5.525 125.2
  2025 10   4  10 277.438 1017.07 26.513 26.981  -6.27   1.15   6.4 280.4  81.97    4.0 407.4 36.01   0.00 35.07 5.524 124.6
  2025 10   4  12 277.521 1016.37 26.413 26.972  -6.37   0.59   6.4 275.3  81.74    5.4 399.6 36.06   0.05 35.07 5.523 121.1
  2025 10   4  13 277.562 1016.26 26.264 26.969  -6.17  -0.15   6.2 268.6  82.03    4.2 407.9 36.08   0.00 35.06 5.523 114.4
  2025 10   4  14 277.604 1016.36 26.305 26.960  -6.39  -0.07   6.4 269.4  81.60    4.1 395.1 36.07   0.00 35.06 5.522 106.4
  2025 10   4  15 277.646 1016.74 26.323 26.953  -6.12  -0.56   6.1 264.8  81.17    4.1 396.2 36.06   0.00 35.07 5.521  99.1
  2025 10   4  16 277.688 1017.16 26.352 26.950  -6.19  -0.21   6.2 268.1  81.38   19.1 412.0 36.06   0.00 35.07 5.521 101.6
  2025 10   4  18 277.771 1018.18 26.755 26.956  -6.55  -0.15   6.6 268.7  76.71  349.1 386.9 36.00   0.00 35.06 5.521 120.4
  2025 10   4  19 277.812 1018.46 26.701 26.968  -6.20  -0.30   6.2 267.2  76.98  561.6 386.8 35.94   0.00 35.07 5.523  94.4
  2025 10   4  20 277.854 1018.39 26.753 27.000  -6.11  -0.67   6.1 263.7  76.81  763.8 388.3 35.90   0.00 35.07 5.527 122.5
  2025 10   4  22 277.938 1017.39 26.776 27.084  -5.71  -1.08   5.8 259.3  75.74  903.4 393.9 35.86   0.00 35.07 5.536 117.4
  2025 10   5   0 278.021 1016.29 26.594 27.166  -5.07  -1.39   5.3 254.7  77.47  635.7 408.0 35.79   0.00 35.07 5.545 103.5
  2025 10   5   1 278.062 1016.27 26.831 27.158  -5.20  -2.57   5.8 243.7  74.95  579.5 393.4 35.77   0.00 35.07 5.544  76.8
  2025 10   5   3 278.146 1016.56 26.734 27.130  -5.04  -3.67   6.2 233.9  76.85  141.1 389.9 35.74   0.00 35.07 5.541  78.9
  2025 10   5   4 278.188 1016.96 26.624 27.087  -5.26  -3.66   6.4 235.2  76.30    9.1 391.8 35.78   0.04 35.07 5.537  60.4
  2025 10   5   5 278.229 1017.57 26.509 27.058  -5.59  -4.28   7.0 232.6  77.61    4.0 399.7 35.85   0.07 35.07 5.534  79.6
  2025 10   5   6 278.271 1018.21 26.544 27.027  -6.46  -3.70   7.4 240.2  73.14    4.0 378.1 35.87   0.00 35.07 5.530  96.4
  2025 10   5   7 278.312 1018.59 26.457 27.007  -6.53  -2.89   7.1 246.1  74.12    4.0 379.0 35.88   0.00 35.07 5.528  86.2
  2025 10   5   8 278.354 1018.53 26.420 26.999  -5.51  -2.88   6.2 242.4  74.90    4.0 387.5 35.90   0.00 35.07 5.527  64.9
  2025 10   5   9 278.396 1018.23 26.359 26.982  -5.59  -3.28   6.5 239.6  76.62    4.0 390.2 35.91   0.00 35.07 5.525  80.6
  2025 10   5  10 278.438 1017.88 26.308 26.972  -5.35  -3.15   6.2 239.5  75.78    4.0 386.0 35.91   0.00 35.07 5.524  88.2
  2025 10   5  11 278.479 1017.30 26.252 26.964  -5.22  -3.48   6.3 236.3  77.71    4.1 391.4 35.91   0.00 35.07 5.523  57.9
  2025 10   5  12 278.521 1016.75 26.174 26.953  -5.39  -3.39   6.4 237.8  76.31    4.0 380.1 35.91   0.00 35.07 5.522  70.5
  2025 10   5  13 278.562 1016.31 26.042 26.951  -4.88  -3.17   5.8 237.0  77.61    4.0 379.6 35.91   0.00 35.07 5.522  81.2
  2025 10   5  14 278.604 1016.38 26.066 26.947  -4.77  -3.28   5.8 235.5  76.90    4.1 381.3 35.92   0.00 35.07 5.521  56.8
  2025 10   5  15 278.646 1016.78 26.108 26.941  -4.29  -3.69   5.7 229.3  77.03    4.1 390.2 35.92   0.00 35.07 5.520  62.3
  2025 10   5  16 278.688 1017.03 26.004 26.932  -4.43  -3.42   5.6 232.3  78.69   16.3 405.9 35.93   0.00 35.07 5.519  67.9
  2025 10   5  17 278.729 1017.45 26.441 26.940  -4.73  -4.01   6.2 229.7  75.83  163.3 395.7 35.93   0.00 35.07 5.520  52.9
  2025 10   5  18 278.771 1017.81 26.634 26.946  -4.67  -4.02   6.2 229.3  73.79  349.0 381.6 35.90   0.00 35.07 5.521  77.4
  2025 10   5  19 278.812 1018.03 26.610 26.955  -4.17  -3.85   5.7 227.3  72.49  544.7 382.0 35.84   0.00 35.07 5.522  63.3
  2025 10   5  20 278.854 1017.98 26.549 26.987  -3.61  -4.00   5.4 222.1  75.46  772.0 389.8 35.80   0.00 35.07 5.525  36.0
  2025 10   5  21 278.896 1017.43 26.535 27.042  -3.22  -4.26   5.3 217.1  75.74  877.9 392.7 35.77   0.00 35.07 5.532  60.8
  2025 10   5  22 278.938 1016.83 26.585 27.113  -2.94  -3.60   4.6 219.2  73.76  969.7 391.1 35.75   0.00 35.07 5.539  71.5
  2025 10   5  23 278.979 1015.96 26.585 27.176  -2.79  -3.25   4.3 220.6  73.82  912.3 393.4 35.72   0.00 35.08 5.546  63.2
  2025 10   6   1 279.062 1015.16 26.699 27.224  -2.43  -4.16   4.8 210.3  73.07  551.9 395.3 35.68   0.00 35.08 5.552  37.1
  2025 10   6   3 279.146 1015.06 26.551 27.139  -1.25  -3.46   3.7 199.9  73.65  126.4 387.5 35.64   0.00 35.08 5.543  59.0
  2025 10   6   4 279.188 1015.41 26.382 27.097  -1.13  -3.11   3.3 200.0  75.83    8.0 401.3 35.70   0.06 35.08 5.538  46.7
  2025 10   6   5 279.229 1015.93 26.436 27.084  -0.46  -3.35   3.4 187.8  76.10    4.0 403.3 35.77   0.07 35.08 5.537  31.1
  2025 10   6   9 279.396 1015.89 25.183 27.001  -1.46  -3.61   3.9 202.0  81.03    4.2 427.2 35.92   0.15 35.08 5.528  13.3
  2025 10   6  10 279.438 1015.40 24.435 26.988  -1.52  -3.67   4.0 202.5  88.48    3.8 420.9 35.97   0.05 35.08 5.527  52.4
  2025 10   6  11 279.479 1014.82 23.809 26.984  -1.03  -0.61   1.2 239.4  92.37    4.7 430.1 36.56   0.59 35.07 5.525 118.8
  2025 10   6  12 279.521 1014.01 25.289 26.987  -0.74  -1.93   2.1 201.0  83.94    6.1 426.8 36.67   0.11 35.07 5.526  12.2
  2025 10   6  13 279.562 1013.42 25.410 26.980  -0.81  -4.09   4.2 191.2  82.71    5.5 402.7 36.67   0.00 35.07 5.525  56.6
  2025 10   6  14 279.604 1013.21 24.978 26.969  -2.07  -3.46   4.0 210.9  87.81    4.8 417.5 36.69   0.00 35.07 5.524  35.9
  2025 10   6  16 279.688 1013.53 25.859 26.943  -0.21  -5.51   5.5 182.2  72.04   15.4 392.3 36.50   0.00 35.07 5.521  18.5
  2025 10   6  17 279.729 1013.89 26.077 26.934  -1.28  -5.99   6.1 192.1  68.73  165.1 387.8 36.53   0.03 35.07 5.520  26.6
  2025 10   6  18 279.771 1014.13 26.235 26.936  -1.48  -5.63   5.8 194.7  67.47  408.3 380.8 36.43   0.00 35.07 5.520  33.2
  2025 10   6  19 279.812 1014.36 26.249 26.950  -2.05  -5.21   5.6 201.5  68.69  601.3 384.5 36.34   0.00 35.07 5.522  15.0
  2025 10   6  20 279.854 1014.26 26.286 26.980  -2.21  -5.02   5.5 203.8  69.44  784.8 389.8 36.30   0.00 35.07 5.525  48.9
  2025 10   6  21 279.896 1013.79 26.301 27.028  -1.81  -4.57   4.9 201.6  68.27  893.7 397.5 36.29   0.00 35.07 5.530  16.9
  2025 10   6  22 279.938 1013.20 26.340 27.052  -1.33  -4.09   4.3 198.0  68.21  682.3 420.8 36.28   0.00 35.08 5.533  15.2
  2025 10   6  23 279.979 1012.45 26.325 27.099  -1.60  -3.79   4.1 202.9  67.47  777.6 406.0 36.25   0.00 35.08 5.538  41.2
  2025 10   7   0 280.021 1011.98 26.354 27.136  -1.49  -3.37   3.7 203.9  65.50  733.9 387.9 36.23   0.00 35.08 5.542  36.4
  2025 10   7   1 280.062 1011.66 26.375 27.183  -1.57  -2.72   3.1 210.0  66.13  587.0 380.5 36.19   0.00 35.08 5.548  45.7
  2025 10   7   2 280.104 1011.65 26.365 27.190  -1.86  -2.25   2.9 219.6  67.36  364.4 385.5 36.17   0.00 35.08 5.548  68.3
  2025 10   7   3 280.146 1011.78 26.173 27.155  -1.60  -1.81   2.4 221.5  67.98   80.8 393.7 36.19   0.00 35.08 5.545  42.1
  2025 10   7   5 280.229 1012.66 25.504 27.060  -2.49   0.10   2.5 272.3  76.25    3.6 411.9 36.32   0.13 35.08 5.535 149.8
  2025 10   7   6 280.271 1013.11 25.680 27.038  -2.62  -2.53   3.6 226.0  75.56    4.7 420.0 36.42   0.10 35.07 5.532  41.8
  2025 10   7   7 280.312 1013.42 25.533 27.018  -1.97  -1.62   2.6 230.6  75.75    4.1 421.6 36.54   0.12 35.07 5.529  66.8
  2025 10   7   8 280.354 1013.40 25.940 27.000  -2.56  -1.51   3.0 239.5  70.36    5.4 409.4 36.67   0.13 35.08 5.528  64.1
  2025 10   7   9 280.396 1013.23 25.911 26.986  -1.86  -1.61   2.5 229.1  69.06    4.1 403.4 36.64   0.00 35.07 5.526  99.4
  2025 10   7  10 280.438 1012.69 25.789 26.984  -1.92  -1.51   2.4 231.8  68.76    3.9 391.0 36.63   0.00 35.08 5.526  70.4
  2025 10   7  11 280.479 1012.19 25.729 26.984  -1.33  -1.50   2.0 221.6  67.67    4.1 411.6 36.63   0.00 35.08 5.526  56.5
  2025 10   7  12 280.521 1011.49 25.711 26.983  -1.50  -2.56   3.0 210.4  68.58    4.0 407.9 36.63   0.00 35.08 5.526  59.7
  2025 10   7  13 280.562 1011.24 25.614 26.973  -0.92  -2.07   2.3 204.0  70.16    3.6 377.5 36.62   0.00 35.08 5.525  35.8
  2025 10   7  14 280.604 1011.42 25.612 26.956  -1.22  -0.93   1.5 232.7  68.04    3.7 376.5 36.63   0.00 35.07 5.523  67.2
  2025 10   7  15 280.646 1011.64 25.549 26.940  -1.22  -0.95   1.5 232.1  69.41    3.7 377.3 36.64   0.00 35.07 5.521  72.9
  2025 10   7  19 280.812 1013.26 26.153 27.022  -1.34  -0.63   1.5 244.8  70.89  535.9 387.3 36.50   0.00 35.08 5.531  55.8
  2025 10   7  20 280.854 1013.26 26.227 27.186  -1.19  -0.80   1.4 236.1  71.52  786.6 392.4 36.45   0.00 35.08 5.548  30.9
  2025 10   7  22 280.938 1012.53 25.924 27.482  -2.53   0.28   2.5 276.3  76.24  549.3 419.7 36.42   0.00 35.09 5.580 143.2
  2025 10   7  23 280.979 1011.93 25.447 27.254  -3.86   1.19   4.0 287.1  78.80  582.1 424.4 36.45   0.03 35.08 5.556 114.5
  2025 10   8   1 281.062 1011.39 26.967 27.321  -0.36   0.22   0.4 301.4  62.80  559.6 385.6 36.40   0.00 35.08 5.563 146.7
  2025 10   8   3 281.146 1011.66 26.189 27.299  -2.38  -0.41   2.4 260.2  75.28  100.3 404.3 36.34   0.00 35.08 5.560 105.7
  2025 10   8   5 281.229 1012.59 25.955 27.164  -1.81  -0.17   1.8 264.6  78.12    3.8 391.3 36.52   0.18 35.08 5.546  97.6
  2025 10   8   6 281.271 1013.25 26.032 27.139  -2.18   0.53   2.2 283.7  77.35    4.0 400.5 36.56   0.04 35.08 5.543 140.8
  2025 10   8   7 281.312 1013.65 26.025 27.126  -2.00   1.20   2.3 301.0  79.27    3.6 401.6 36.58   0.00 35.08 5.542 128.2
  2025 10   8   8 281.354 1013.63 25.939 27.110  -1.78   2.69   3.2 326.5  80.57    3.6 404.3 36.60   0.02 35.08 5.540 173.7
  2025 10   8  11 281.479 1012.60 25.734 27.003  -1.96   2.73   3.4 324.3  82.13    3.7 418.3 36.65   0.05 35.08 5.528 152.5
  2025 10   8  12 281.521 1012.04 24.727 26.973  -3.79   1.51   4.1 291.7  89.56    4.4 432.8 38.34   1.69 35.04 5.520 184.3
  2025 10   8  13 281.562 1011.75 25.720 26.967  -1.37   3.61   3.9 339.2  82.95    6.6 406.8 39.26   0.92 35.06 5.522 193.3
  2025 10   8  14 281.604 1011.78 25.711 26.972  -0.61   3.08   3.1 348.8  82.24    4.4 402.7 39.26   0.00 35.07 5.524 208.7
  2025 10   8  15 281.646 1011.98 25.857 26.977   0.05   2.43   2.4   1.2  77.76    4.1 414.4 39.26   0.00 35.07 5.525 206.3
  2025 10   8  16 281.688 1012.30 25.935 26.969   0.29   2.74   2.8   6.0  77.89   13.9 402.6 39.28   0.02 35.07 5.523 203.0
  2025 10   8  17 281.729 1012.65 26.203 26.961   0.70   3.12   3.2  12.6  77.65  175.0 392.9 39.29   0.00 35.06 5.522 206.6
  2025 10   8  18 281.771 1013.17 26.436 26.991   0.06   4.01   4.0   0.9  77.63  446.4 399.8 39.25   0.00 35.08 5.527 190.9
  2025 10   8  19 281.812 1013.44 26.488 27.027  -0.24   3.53   3.5 356.1  77.64  625.8 399.3 39.21   0.00 35.08 5.531 202.1
  2025 10   8  20 281.854 1013.46 26.572 27.110  -0.15   3.09   3.1 357.2  77.07  720.7 398.7 39.15   0.00 35.08 5.540 173.3
  2025 10   8  21 281.896 1013.31 26.624 27.256  -0.10   3.01   3.0 358.1  77.60  576.2 400.0 39.09   0.00 35.09 5.556 199.8
  2025 10   8  22 281.938 1012.89 26.704 27.432   0.03   2.60   2.6   0.7  77.01  462.7 404.4 39.06   0.00 35.09 5.575 193.1
  2025 10   8  23 281.979 1012.26 26.857 27.594   0.00   2.38   2.4   0.0  76.48  434.6 406.5 39.02   0.00 35.09 5.593 221.9
  2025 10   9   0 282.021 1011.87 26.979 27.699   0.17   2.23   2.2   4.4  74.63  407.9 403.9 38.97   0.00 35.10 5.604 170.5
  2025 10   9   1 282.062 1011.44 27.087 27.711  -0.57   2.12   2.2 345.0  73.60  509.2 397.8 38.93   0.00 35.10 5.606 192.3
  2025 10   9   2 282.104 1011.67 26.990 27.649  -0.17   1.98   2.0 355.1  73.74  261.6 409.4 38.91   0.00 35.10 5.600 199.7
  2025 10   9   3 282.146 1011.98 27.093 27.560  -0.20   1.90   1.9 354.0  73.28  160.1 424.5 38.93   0.02 35.10 5.590 181.3
  2025 10   9   4 282.188 1012.25 26.695 27.464  -0.36   2.21   2.2 350.7  76.51    4.7 414.0 38.97   0.04 35.10 5.580 144.6
  2025 10   9   5 282.229 1012.80 26.422 27.395  -0.16   2.70   2.7 356.6  81.59    3.5 413.3 39.04   0.07 35.10 5.573 187.2
  2025 10   9   6 282.271 1013.29 26.552 27.366  -1.35   2.53   2.9 331.9  79.42    3.9 420.9 39.10   0.06 35.10 5.569 176.1
  2025 10   9   7 282.312 1013.69 26.632 27.360  -1.78   2.07   2.7 319.3  79.73    3.5 406.0 39.12   0.00 35.10 5.569 151.8
  2025 10   9   8 282.354 1013.82 26.548 27.311  -2.03   2.51   3.2 321.0  82.26    4.1 431.8 39.12   0.00 35.10 5.564 149.5
  2025 10   9   9 282.396 1013.62 26.385 27.258  -3.35   3.50   4.8 316.3  83.43    4.1 425.8 39.08   0.00 35.10 5.558 152.3
  2025 10   9  10 282.438 1013.21 26.172 27.203  -4.19   3.54   5.5 310.2  82.32    4.3 431.0 39.07   0.00 35.10 5.552 151.1
  2025 10   9  11 282.479 1012.81 25.946 27.155  -4.72   4.32   6.4 312.5  85.09    4.3 418.4 39.10   0.03 35.09 5.547 161.4
  2025 10   9  12 282.521 1012.34 25.867 27.133  -4.15   4.34   6.0 316.3  85.97    4.3 429.6 39.15   0.05 35.09 5.544 167.8
  2025 10   9  13 282.562 1012.23 25.725 27.118  -0.61   7.36   7.4 355.3  85.26    3.9 430.5 39.15   0.00 35.09 5.543 239.7
  2025 10   9  14 282.604 1012.49 25.020 27.103   2.01   5.34   5.7  20.6  84.49    4.0 429.7 39.18   0.03 35.09 5.541 238.7
  2025 10   9  15 282.646 1012.58 24.543 27.085   2.47   5.53   6.1  24.1  86.92    5.1 427.6 39.40   0.22 35.09 5.539 229.5
  2025 10   9  17 282.729 1013.02 25.779 27.042   0.41   2.45   2.5   9.5  82.26  143.1 401.0 39.50   0.10 35.09 5.534 192.0
  2025 10   9  18 282.771 1013.93 26.192 27.059  -0.78   1.92   2.1 337.9  83.30  316.0 427.4 39.46   0.00 35.09 5.536 170.3
  2025 10   9  19 282.812 1014.36 26.540 27.144  -0.71   2.01   2.1 340.5  82.20  540.7 404.7 39.43   0.00 35.09 5.545 201.3
  2025 10   9  20 282.854 1014.49 26.947 27.386  -0.42   1.94   2.0 347.8  79.04  806.7 409.0 39.41   0.00 35.09 5.571 178.5
  2025 10   9  21 282.896 1014.07 27.110 27.467  -1.16   3.60   3.8 342.1  73.81  810.3 408.3 39.38   0.00 35.10 5.580 179.9
  2025 10   9  22 282.938 1013.60 27.090 27.454  -1.19   4.18   4.3 344.1  75.13  889.6 405.7 39.37   0.00 35.09 5.578 170.1
  2025 10   9  23 282.979 1012.87 27.119 27.470  -1.22   4.75   4.9 345.6  75.51  844.3 401.1 39.37   0.00 35.09 5.580 191.1
  2025 10  10   0 283.021 1012.45 27.107 27.448  -0.76   4.15   4.2 349.6  76.59  591.0 404.1 39.37   0.00 35.09 5.577 199.5
  2025 10  10   2 283.104 1012.38 27.084 27.477  -0.08   3.12   3.1 358.5  78.27  251.6 405.9 39.36   0.00 35.09 5.580 183.7
  2025 10  10   3 283.146 1012.80 26.863 27.410  -0.95   3.03   3.2 342.6  78.26   28.7 423.9 39.41   0.05 35.09 5.573 176.0
  2025 10  10   4 283.188 1013.59 25.639 27.365   2.96   0.01   3.0  89.8  88.03    4.8 446.7 39.46   0.05 35.09 5.568 309.4
  2025 10  10   5 283.229 1014.22 24.882 27.334   2.62  -1.40   3.0 118.1  92.30    4.2 441.2 39.50   0.04 35.09 5.565 258.3
  2025 10  10   6 283.271 1014.79 25.413 27.283   0.18  -0.02   0.2  96.3  85.54    4.8 435.3 39.53   0.03 35.08 5.559 185.7
  2025 10  10   7 283.312 1015.11 25.853 27.253   0.06   1.61   1.6   2.1  84.24    5.1 434.9 39.52   0.00 35.08 5.555 203.4
  2025 10  10   9 283.396 1015.06 26.110 26.897  -1.78   1.17   2.1 303.3  85.55    3.9 434.8 39.50   0.00 34.48 5.434 152.2
  2025 10  10  10 283.438 1014.79 26.230 26.855  -1.02   0.84   1.3 309.5  83.15    4.2 434.2 39.51   0.00 34.49 5.431 167.4
  2025 10  10  11 283.479 1014.68 26.437 26.877  -0.07   1.26   1.3 356.8  79.81    3.7 433.4 39.50   0.00 34.67 5.458 190.2
  2025 10  10  12 283.521 1014.53 26.269 26.875  -0.05   1.50   1.5 358.1  82.75    3.7 430.1 39.51   0.00 34.76 5.470 170.0
  2025 10  10  13 283.562 1014.36 26.167 27.086  -0.25   1.78   1.8 352.0  84.80    3.7 430.2 39.51   0.00 34.96 5.521 173.7
  2025 10  10  14 283.604 1014.49 26.247 27.203  -0.05   1.19   1.2 357.6  82.25    3.8 431.5 39.51   0.00 35.05 5.545 177.1
  2025 10  10  15 283.646 1014.98 26.322 27.183   0.05   0.23   0.2  12.3  79.23    3.8 433.7 39.51   0.00 35.07 5.546 172.6
  2025 10  10  16 283.688 1015.52 26.361 27.166  -0.78   0.93   1.2 320.0  78.45   16.7 406.1 39.51   0.00 35.07 5.545 120.7
  2025 10  10  17 283.729 1016.22 26.622 27.153  -0.83   1.22   1.5 325.8  76.88  148.1 391.0 39.49   0.00 35.08 5.545 148.2
  2025 10  10  18 283.771 1016.78 26.913 27.176  -1.12   0.68   1.3 301.3  75.34  319.0 391.9 39.45   0.00 35.09 5.548 139.6
  2025 10  10  19 283.812 1017.03 26.831 27.277  -1.59   0.83   1.8 297.6  77.14  500.5 393.7 39.43   0.00 35.09 5.559 147.4
  2025 10  10  20 283.854 1017.10 26.752 27.413  -1.74   1.60   2.4 312.6  79.26  686.4 400.3 39.43   0.00 35.09 5.574 173.1
  2025 10  10  21 283.896 1017.06 26.867 27.576  -1.00   1.75   2.0 330.3  78.66  873.4 402.1 39.43   0.00 35.08 5.589 168.1
  2025 10  10  22 283.938 1016.64 26.934 27.732  -1.21   1.90   2.3 327.5  78.99  877.3 402.4 39.42   0.00 35.08 5.606 153.2
  2025 10  11   1 284.062 1015.55 27.286 27.934  -1.60   1.67   2.3 316.2  76.56  521.7 397.4 39.34   0.00 35.07 5.626 166.9
  2025 10  11   2 284.104 1015.70 27.326 27.864  -1.80   1.81   2.6 315.2  77.18  302.1 400.0 39.32   0.00 35.07 5.618 146.9
  2025 10  11   3 284.146 1015.95 27.164 27.745  -2.06   1.44   2.5 305.0  77.71   96.6 401.8 39.26   0.00 35.06 5.604 148.6
  2025 10  11   4 284.188 1016.22 26.825 27.602  -2.31   1.34   2.7 300.1  81.64    6.3 416.2 39.29   0.03 35.05 5.587 140.4
  2025 10  11   5 284.229 1016.81 26.767 27.482  -2.14   0.97   2.3 294.4  80.40    4.1 428.2 39.42   0.13 35.05 5.575 155.5
  2025 10  11   6 284.271 1017.22 26.728 27.430  -1.74   0.68   1.9 291.3  79.34    3.7 397.1 39.48   0.06 35.05 5.569 140.2
  2025 10  11   7 284.312 1017.46 26.667 27.472  -2.48   1.34   2.8 298.4  79.53    3.7 395.5 39.50   0.02 35.05 5.574 129.8
  2025 10  11   8 284.354 1017.42 26.648 27.437  -2.85   1.18   3.1 292.5  78.30    3.8 392.0 39.52   0.02 35.07 5.572 134.1
  2025 10  11   9 284.396 1017.23 26.507 27.449  -2.88   0.98   3.0 288.8  80.08    4.5 410.7 39.53   0.00 35.10 5.578 136.1
  2025 10  11  10 284.438 1017.20 26.383 27.388  -2.82   0.55   2.9 281.0  81.59    5.8 419.8 39.53   0.00 35.10 5.572 130.7
  2025 10  11  11 284.479 1016.97 26.322 27.296  -3.29   0.73   3.4 282.5  80.59    6.6 417.5 39.52   0.00 35.10 5.563 126.8
  2025 10  11  12 284.521 1016.63 26.249 27.234  -3.68   0.75   3.8 281.5  77.23    6.0 401.3 39.50   0.00 35.10 5.556 113.5
  2025 10  11  14 284.604 1016.49 26.154 27.182  -2.91   0.19   2.9 273.7  76.86    4.0 390.3 39.52   0.02 35.10 5.550 119.5
  2025 10  11  15 284.646 1016.60 26.133 27.172  -3.26   0.65   3.3 281.3  77.31    3.8 386.8 39.50   0.00 35.10 5.549 139.4
  2025 10  11  16 284.688 1017.08 26.181 27.162  -3.20   0.98   3.3 287.0  77.67   20.5 383.6 39.49   0.00 35.09 5.547 132.6
  2025 10  11  17 284.729 1017.65 26.572 27.151  -3.07   0.69   3.1 282.7  75.86  167.4 384.8 39.48   0.00 35.08 5.545 122.1
  2025 10  11  18 284.771 1018.20 26.746 27.154  -3.12  -0.06   3.1 268.9  76.33  357.3 388.6 39.43   0.00 35.08 5.544 103.1
  2025 10  11  19 284.812 1018.58 26.819 27.209  -2.65  -0.48   2.7 259.7  76.68  487.2 390.8 39.38   0.00 35.07 5.549  82.3
  2025 10  11  21 284.896 1018.57 26.816 27.380  -3.93   0.02   3.9 270.3  78.72  749.3 402.3 39.30   0.00 35.06 5.566 121.3
  2025 10  11  22 284.938 1017.84 26.652 27.450  -4.01   1.25   4.2 287.3  79.38  673.3 397.4 39.29   0.00 35.06 5.574 133.3
  2025 10  11  23 284.979 1017.03 26.343 27.489  -4.51   1.94   4.9 293.3  79.37  686.4 396.2 39.29   0.00 35.06 5.577 116.1
  2025 10  12   0 285.021 1016.44 26.710 27.487  -3.83   0.50   3.9 277.4  77.97  496.0 404.5 39.27   0.00 35.06 5.577  96.2
  2025 10  12   1 285.062 1016.26 26.913 27.556  -3.71   0.46   3.7 277.1  74.31  371.3 393.6 39.23   0.00 35.06 5.585 139.8
  2025 10  12   2 285.104 1016.15 26.933 27.535  -3.95   1.15   4.1 286.2  73.04  217.4 388.6 39.21   0.00 35.08 5.585 120.6
  2025 10  12   3 285.146 1016.33 26.711 27.525  -3.57  -0.07   3.6 268.9  72.89   58.3 384.6 39.22   0.00 35.08 5.584 100.2
  2025 10  12   4 285.188 1016.52 26.560 27.477  -3.83  -0.70   3.9 259.6  73.76    5.3 383.0 39.31   0.09 35.08 5.579  88.7
  2025 10  12   5 285.229 1016.79 26.438 27.426  -3.71  -0.63   3.8 260.4  75.27    3.5 432.6 39.38   0.07 35.08 5.574 104.2
  2025 10  12   6 285.271 1016.94 26.345 27.389  -3.79  -0.29   3.8 265.6  75.18    3.5 421.4 39.41   0.03 35.08 5.569 119.6
  2025 10  12   7 285.312 1017.07 26.294 27.361  -3.56  -0.42   3.6 263.3  74.82    3.5 427.4 39.43   0.02 35.08 5.566  93.2
  2025 10  12   8 285.354 1017.04 26.190 27.340  -3.46  -0.27   3.5 265.5  78.33    3.6 437.6 39.44   0.00 35.08 5.564 105.4
  2025 10  12   9 285.396 1016.67 26.218 27.317  -3.26  -0.73   3.3 257.4  78.07    3.7 425.2 39.46   0.02 35.08 5.561  99.2
  2025 10  12  10 285.438 1016.28 26.222 27.298  -4.01  -0.81   4.1 258.6  78.26    3.7 440.9 39.45   0.00 35.08 5.559  99.8
  2025 10  12  11 285.479 1016.00 26.135 27.278  -3.10  -1.29   3.4 247.4  78.52    3.6 431.7 39.46   0.00 35.07 5.557  62.7
  2025 10  12  12 285.521 1015.25 26.100 27.256  -3.65  -1.09   3.8 253.4  78.63    3.7 411.8 39.47   0.00 35.08 5.555  96.0
  2025 10  12  15 285.646 1014.91 26.028 27.193  -3.94  -0.10   3.9 268.5  79.77    3.8 436.9 39.49   0.02 35.08 5.548 108.1
  2025 10  12  16 285.688 1015.35 26.061 27.173  -4.14  -0.28   4.1 266.1  79.51   11.0 406.2 39.48   0.00 35.08 5.546 118.7
  2025 10  12  17 285.729 1015.87 26.500 27.162  -4.33  -0.04   4.3 269.5  71.86  161.8 383.6 39.48   0.00 35.08 5.545 120.1
  2025 10  12  19 285.812 1016.58 26.501 27.166  -4.44   0.20   4.4 272.6  74.32  454.8 383.4 39.37   0.00 35.08 5.545 109.7
  2025 10  12  20 285.854 1016.41 26.587 27.207  -3.96   0.20   4.0 272.9  75.44  614.6 392.7 39.33   0.00 35.08 5.550 121.2
  2025 10  12  21 285.896 1015.98 26.619 27.272  -3.90  -0.13   3.9 268.1  75.36  758.5 400.3 39.30   0.00 35.08 5.557  97.3
  2025 10  12  22 285.938 1015.33 26.647 27.346  -4.05  -0.32   4.1 265.5  76.69  662.4 413.6 39.29   0.00 35.08 5.565 121.7
  2025 10  12  23 285.979 1014.73 26.535 27.398  -3.88   0.50   3.9 277.3  77.56  585.9 419.6 39.28   0.00 35.08 5.570 108.6
  2025 10  13   0 286.021 1014.29 26.625 27.416  -3.51   0.91   3.6 284.5  74.20  419.9 425.9 39.27   0.00 35.08 5.572 103.8
  2025 10  13   1 286.062 1014.15 26.700 27.406  -3.94   0.15   3.9 272.2  70.59  296.5 406.0 39.25   0.00 35.07 5.570 105.4
  2025 10  13   2 286.104 1014.16 26.648 27.392  -3.36  -0.29   3.4 265.1  73.70  211.2 409.4 39.25   0.00 35.07 5.569  55.8
  2025 10  13   3 286.146 1014.42 26.399 27.340  -2.85  -0.85   3.0 253.4  76.52   33.8 391.3 39.24   0.00 35.07 5.563  99.8
  2025 10  13   4 286.188 1014.74 26.431 27.292  -3.85  -0.21   3.9 266.9  77.27    5.9 399.8 39.33   0.09 35.07 5.558 121.0
  2025 10  13   5 286.229 1015.13 26.365 27.249  -4.26   0.66   4.3 278.8  78.27    3.6 395.0 39.36   0.03 35.07 5.553 125.2
  2025 10  13   6 286.271 1015.64 26.389 27.211  -4.81   0.49   4.8 275.8  78.21    3.9 401.2 39.40   0.04 35.07 5.549  87.2
  2025 10  13   7 286.312 1015.96 26.323 27.195  -5.27   1.37   5.4 284.6  75.27    3.8 389.1 39.42   0.02 35.07 5.547 130.8
  2025 10  13   8 286.354 1015.98 26.275 27.178  -4.34   0.61   4.4 278.0  71.33    3.8 379.8 39.41   0.00 35.07 5.546 134.1
  2025 10  13   9 286.396 1015.73 26.161 27.161  -4.84   1.98   5.2 292.2  72.66    3.7 375.4 39.42   0.00 35.07 5.544 112.8
  2025 10  13  10 286.438 1015.46 26.155 27.154  -4.36   2.20   4.9 296.8  73.48    3.7 375.7 39.43   0.00 35.07 5.544 124.2
  2025 10  13  11 286.479 1014.90 26.105 27.143  -3.64   2.55   4.4 305.0  73.75    3.6 374.7 39.43   0.00 35.08 5.543 102.7
  2025 10  13  13 286.562 1013.87 26.024 27.130  -2.74   1.19   3.0 293.5  74.39    3.4 380.4 39.42   0.00 35.08 5.541  97.6
  2025 10  13  14 286.604 1013.57 25.944 27.124  -2.31   0.50   2.4 282.2  75.28    3.5 385.0 39.42   0.00 35.08 5.541 112.0
  2025 10  13  15 286.646 1013.51 25.893 27.111  -2.22  -0.05   2.2 268.7  76.39    3.4 383.7 39.42   0.00 35.08 5.540 118.3
  2025 10  13  17 286.729 1014.18 26.421 27.096  -2.97  -1.44   3.3 244.1  74.93  171.3 387.0 39.42   0.00 35.08 5.538  65.6
  2025 10  13  19 286.812 1014.72 26.537 27.131  -3.11  -1.75   3.6 240.6  73.57  468.8 387.1 39.32   0.00 35.08 5.542  99.6
  2025 10  13  20 286.854 1014.87 26.317 27.174  -3.91  -1.51   4.2 248.9  78.73  623.9 407.2 39.30   0.00 35.08 5.546 107.5
  2025 10  13  21 286.896 1014.51 26.132 27.227  -3.87  -1.63   4.2 247.2  80.79  600.6 416.9 39.30   0.00 35.08 5.552  74.9
  2025 10  13  22 286.938 1013.99 25.427 27.283  -1.77  -1.57   2.4 228.4  83.73  568.0 430.3 40.80   1.50 35.02 5.550  44.2
  2025 10  13  23 286.979 1013.25 26.458 27.337  -3.86  -0.76   3.9 258.9  78.78  539.7 422.9 41.18   0.38 35.05 5.560  93.9
  2025 10  14   0 287.021 1012.74 26.622 27.337  -4.27  -0.95   4.4 257.5  76.61  496.4 401.0 41.16   0.00 35.07 5.563  96.9
  2025 10  14   1 287.062 1012.74 26.661 27.345  -4.55  -0.78   4.6 260.3  76.24  368.5 399.2 41.11   0.00 35.06 5.562  96.4
  2025 10  14   2 287.104 1012.97 26.578 27.295  -4.07  -0.97   4.2 256.6  76.66  207.5 404.4 41.07   0.00 35.07 5.558 101.8
  2025 10  14   3 287.146 1013.37 26.285 27.252  -3.11  -0.56   3.2 259.8  78.93   59.3 423.1 41.10   0.03 35.07 5.553 123.0
  2025 10  14   4 287.188 1013.90 25.389 27.218  -4.01   1.41   4.3 289.4  82.55    5.2 415.3 41.21   0.11 35.07 5.551  86.0
  2025 10  14   5 287.229 1014.46 26.046 27.179  -3.58  -1.53   3.9 246.9  80.58    4.3 399.4 41.27   0.06 35.08 5.547  88.7
  2025 10  14   7 287.312 1015.32 26.308 27.157  -4.77  -1.05   4.9 257.6  80.51    3.8 397.3 41.28   0.00 35.08 5.545  61.0
  2025 10  14   8 287.354 1015.34 25.197 27.140  -3.80  -0.89   3.9 256.8  80.44    6.0 417.8 41.59   0.31 35.08 5.543 103.3
  2025 10  14   9 287.396 1014.93 25.690 27.135  -5.26  -0.36   5.3 266.1  81.90    5.5 404.7 41.75   0.16 35.08 5.543  94.6
  2025 10  14  10 287.438 1014.70 25.970 27.128  -4.41  -1.16   4.6 255.3  79.49    6.1 391.9 41.82   0.07 35.08 5.542  94.3
  2025 10  14  11 287.479 1014.33 26.167 27.125  -4.66  -1.33   4.8 254.1  82.23    4.2 399.5 41.81   0.00 35.08 5.541  65.0
  2025 10  14  12 287.521 1013.91 26.046 27.119  -4.71  -1.13   4.8 256.5  81.02    5.1 408.2 41.98   0.17 35.07 5.540  87.0
  2025 10  14  13 287.562 1013.41 26.101 27.112  -4.60   0.34   4.6 274.2  81.31    5.1 393.4 42.23   0.25 35.07 5.539  71.5
  2025 10  14  14 287.604 1013.40 26.074 27.104  -4.25   0.17   4.3 272.3  80.72    4.1 394.6 42.23   0.00 35.07 5.538 103.2
  2025 10  14  15 287.646 1006.42 25.993 27.087  -3.76  -0.39   3.8 264.1  80.41    3.8 392.0 42.24   0.00 35.08 5.537 119.0
  2025 10  14  17 287.729 1015.24 26.510 27.082  -3.13  -1.79   3.6 240.2  76.08  144.4 397.1 42.23   0.00 35.08 5.537  72.9
  2025 10  14  18 287.771 1016.05 26.692 27.093  -3.46  -2.11   4.1 238.6  74.99  329.4 398.5 42.21   0.00 35.08 5.538  87.6
  2025 10  14  19 287.812 1016.67 26.753 27.111  -3.13  -2.50   4.0 231.4  75.19  510.2 394.9 42.20   0.00 35.08 5.540  85.8
  2025 10  14  20 287.854 1016.55 26.538 27.149  -3.89  -1.88   4.3 244.2  77.61  628.3 400.8 42.12   0.00 35.08 5.545  62.0
  2025 10  14  21 287.896 1016.04 26.156 27.204  -3.53  -2.27   4.2 237.3  78.06  702.2 403.3 42.09   0.00 35.09 5.551  98.9
  2025 10  14  23 287.979 1014.64 26.403 27.235  -4.88  -2.59   5.5 242.0  75.46  707.4 397.3 42.06   0.00 35.09 5.554  75.7
  2025 10  15   0 288.021 1014.22 26.165 27.237  -4.96  -1.65   5.2 251.6  79.25  476.1 405.3 42.05   0.00 35.09 5.555  99.0
  2025 10  15   1 288.062 1014.24 26.402 27.244  -4.65  -1.85   5.0 248.3  75.93  337.1 397.3 42.05   0.00 35.09 5.556  60.9
  2025 10  15   2 288.104 1014.48 26.632 27.248  -4.61  -2.25   5.1 244.0  75.88  252.0 398.1 42.02   0.00 35.10 5.557  86.2
  2025 10  15   3 288.146 1014.72 26.539 27.205  -4.24  -2.68   5.0 237.7  76.29   83.2 395.4 42.02   0.00 35.10 5.553  95.7
  2025 10  15   4 288.188 1015.29 26.445 27.169  -4.34  -3.03   5.3 235.1  76.13    6.3 391.6 42.07   0.05 35.10 5.549  82.2
  2025 10  15   5 288.229 1015.60 26.420 27.128  -4.80  -2.52   5.4 242.3  75.82    3.9 386.8 42.12   0.05 35.10 5.544  85.0
  2025 10  15   6 288.271 1008.32 26.434 27.106  -4.61  -2.52   5.3 241.3  77.42    3.9 393.5 42.15   0.03 35.10 5.542 104.2
  2025 10  15   7 288.312 1016.47 26.455 27.101  -4.90  -2.54   5.5 242.6  77.92    3.9 398.4 42.22   0.07 35.10 5.542  90.6
  2025 10  15   8 288.354 1016.52 26.441 27.100  -5.06  -2.46   5.6 244.1  78.13    4.0 401.5 42.38   0.16 35.10 5.542 105.5
  2025 10  15   9 288.396 1016.44 26.252 27.108  -5.14  -2.06   5.5 248.2  78.71    3.8 402.9 42.48   0.10 35.10 5.543  90.0
  2025 10  15  10 288.438 1016.17 26.316 27.105  -5.20  -1.69   5.5 252.0  78.36    4.1 405.5 42.59   0.11 35.11 5.543  98.8
  2025 10  15  11 288.479 1015.78 26.122 27.097  -5.51  -1.84   5.8 251.5  78.89    3.8 404.9 42.67   0.08 35.11 5.542  71.5
  2025 10  15  12 288.521 1015.31 26.283 27.087  -5.17  -2.27   5.6 246.3  76.25    4.1 400.6 42.70   0.03 35.11 5.542  97.8
  2025 10  15  13 288.562 1014.98 26.257 27.083  -5.25  -2.16   5.7 247.6  75.77    3.9 391.4 42.71   0.00 35.11 5.541  90.1
  2025 10  15  14 288.604 1015.08 26.220 27.081  -5.34  -2.26   5.8 247.1  75.55    3.9 385.4 42.83   0.12 35.11 5.542  67.4
  2025 10  15  15 288.646 1015.42 26.208 27.079  -5.35  -1.70   5.6 252.4  75.28    4.0 385.1 42.85   0.02 35.11 5.541  92.7
  2025 10  15  16 288.688 1015.89 26.261 27.065  -5.85  -1.61   6.1 254.6  74.55   15.7 385.8 42.86   0.00 35.11 5.539  99.6
  2025 10  15  17 288.729 1016.52 26.574 27.060  -6.09  -1.29   6.2 258.0  72.35  156.2 394.1 42.86   0.00 35.10 5.538  92.2
  2025 10  15  18 288.771 1017.09 26.659 27.064  -5.91  -1.88   6.2 252.4  73.39  331.5 394.8 42.83   0.00 35.11 5.539  98.9
